1000;15,20,30,35
ID,HW,MT1,MT2,F
-100,82,93,83,93
-99,71,84,31,13
-98,72,15,70,51
-97,29,94,10,16
-96,85,90,10,75
-95,35,22,19,9
-94,53,34,20,35
-93,85,30,22,55
-92,90,90,26,82
-91,96,81,24,96
-90,10,89,38,92
-89,11,64,92,92
-88,50,36,52,92
-87,12,45,62,45
-86,54,3,77,54
-85,41,37,56,75
-84,44,90,21,31
-83,14,65,46,60
-82,93,25,39,6
-81,13,38,46,33
-80,91,71,23,13
-79,63,37,50,62
-78,89,92,11,82
-77,81,46,21,15
-76,52,42,60,93
-75,78,65,45,15
-74,94,27,61,54
-73,24,1,69,78
-72,74,47,58,57
-71,8,41,95,60
-70,41,9,71,70
-69,58,36,8,63
-68,80,0,85,90
-67,81,42,52,42
-66,45,23,31,62
-65,31,88,9,98
-64,47,22,91,64
-63,64,41,57,43
-62,77,48,3,40
-61,32,69,58,30
-60,19,71,26,59
-59,12,42,40,49
-58,32,79,75,13
-57,5,37,25,45
-56,83,39,13,6
-55,55,38,15,2
-54,45,47,95,37
-53,90,51,74,4
-52,25,20,12,90
-51,60,66,77,30
-50,65,35,45,93
-49,54,28,18,57
-48,8,93,67,41
-47,99,49,51,8
-46,14,79,52,56
-45,96,76,3,95
-44,63,15,88,35
-43,59,15,37,78
-42,67,73,69,44
-41,37,42,1,37
-40,77,40,79,81
-39,27,86,86,23
-38,54,48,24,83
-37,70,73,59,28
-36,32,46,59,18
-35,88,78,76,26
-34,71,3,34,92
-33,8,71,88,97
-32,35,46,51,45
-31,95,65,67,25
-30,22,29,23,0
-29,81,17,18,55
-28,70,17,48,86
-27,28,47,99,19
-26,71,79,33,76
-25,32,68,24,75
-24,92,40,9,68
-23,33,32,78,23
-22,31,13,32,74
-21,85,63,28,44
-20,34,88,66,7
-19,51,96,55,21
-18,80,96,74,30
-17,35,43,89,46
-16,62,51,29,16
-15,90,65,61,95
-14,11,63,14,67
-13,81,24,48,82
-12,76,7,40,48
-11,71,51,90,86
-10,24,16,42,63
-9,20,94,18,44
-8,80,5,50,98
-7,26,50,25,41
-6,90,97,83,88
-5,90,39,26,81
-4,30,25,61,8
-3,72,66,30,57
-2,57,41,21,75
-1,18,14,57,80
0,89,65,7,26
1,17,28,1,54
2,30,0,59,99
3,29,18,96,93
4,73,20,79,53
5,40,61,6,27
6,87,77,15,20
7,11,71,33,57
8,59,80,13,4
9,43,91,60,38
10,62,7,63,29
11,10,24,48,48
12,23,79,39,24
13,55,63,64,15
14,77,1,37,24
15,85,47,21,28
16,12,78,5,26
17,39,39,16,59
18,32,76,34,37
19,15,74,40,78
20,92,69,33,6
21,6,38,68,26
22,85,52,74,53
23,81,73,22,62
24,77,32,19,13
25,38,93,6,23
26,40,57,67,23
27,57,14,22,74
28,14,46,32,77
29,54,55,81,55
30,64,7,9,15
31,4,67,36,25
32,32,21,92,1
33,58,14,66,42
34,39,54,86,24
35,6,53,37,4
36,58,10,84,9
37,20,35,96,80
38,23,66,80,91
39,95,3,97,70
40,43,59,42,62
41,26,72,83,44
42,88,35,74,27
43,43,28,44,49
44,90,65,67,67
45,7,65,78,44
46,74,45,80,86
47,30,67,0,78
48,54,62,13,40
49,85,62,36,3
50,94,9,5,52
51,79,20,98,11
52,52,88,0,57
53,83,10,46,80
54,15,71,89,58
55,26,4,53,42
56,58,84,74,40
57,11,93,88,7
58,60,59,31,71
59,7,77,12,52
60,5,78,53,96
61,57,25,9,47
62,15,89,98,55
63,73,59,1,80
64,29,21,2,20
65,93,39,71,64
66,91,7,50,24
67,14,87,89,82
68,56,68,7,13
69,9,86,11,6
70,70,79,29,57
71,96,38,4,3
72,9,96,21,73
73,90,48,81,23
74,1,87,89,51
75,23,43,11,66
76,70,5,74,98
77,39,39,52,21
78,35,27,89,91
79,50,41,0,58
80,72,90,92,80
81,39,96,11,25
82,74,69,22,78
83,21,36,97,50
84,79,27,74,40
85,78,49,51,82
86,65,53,60,63
87,76,34,54,67
88,77,89,35,6
89,9,39,56,86
90,7,71,97,77
91,65,58,87,80
92,46,47,75,97
93,38,50,26,97
94,8,49,19,21
95,33,9,49,96
96,71,90,75,79
97,49,8,80,15
98,48,24,39,39
99,76,29,46,99
100,29,48,64,91
101,72,41,28,97
102,5,98,52,82
103,31,99,15,68
104,91,30,49,46
105,24,70,66,26
106,82,11,6,31
107,32,69,73,6
108,73,4,34,55
109,56,4,9,29
110,87,96,89,82
111,98,61,60,60
112,59,56,83,39
113,17,34,86,24
114,32,36,5,80
115,15,69,61,70
116,25,51,67,77
117,58,17,1,63
118,57,64,10,79
119,97,34,57,49
120,34,89,31,67
121,97,38,70,62
122,6,18,59,33
123,26,31,28,87
124,57,30,79,69
125,37,16,79,26
126,80,54,85,71
127,86,46,75,36
128,19,78,87,61
129,67,15,14,72
130,93,43,92,65
131,60,63,91,34
132,44,95,8,33
133,28,74,38,53
134,47,36,76,65
135,64,14,93,47
136,65,51,32,85
137,12,4,87,21
138,41,46,73,88
139,64,32,87,10
140,45,68,35,69
141,61,81,49,79
142,91,14,2,36
143,99,93,3,64
144,47,90,22,91
145,93,82,64,67
146,69,9,92,72
147,49,79,69,67
148,55,59,33,21
149,2,59,71,4
150,53,20,99,0
151,5,85,87,26
152,13,61,48,19
153,59,91,16,70
154,49,67,37,70
155,57,9,30,89
156,65,3,7,60
157,90,44,21,44
158,79,48,79,61
159,9,31,51,54
160,60,0,44,68
161,16,8,64,2
162,38,99,32,78
163,83,85,89,56
164,2,87,92,27
165,75,50,32,70
166,10,85,23,53
167,18,97,73,70
168,31,63,12,85
169,86,20,63,47
170,10,28,23,28
171,0,8,98,59
172,96,31,46,44
173,26,36,86,65
174,8,77,80,10
175,37,79,89,95
176,55,15,33,86
177,41,93,31,44
178,15,37,1,55
179,91,80,21,13
180,89,94,90,73
181,61,75,96,79
182,91,95,7,97
183,5,66,76,29
184,32,53,43,26
185,51,73,19,36
186,53,93,39,31
187,66,74,21,1
188,20,88,86,80
189,19,96,84,36
190,85,39,4,94
191,32,12,61,1
192,67,44,49,27
193,45,50,86,81
194,63,89,13,29
195,42,67,89,26
196,95,45,39,57
197,74,82,7,7
198,78,52,85,70
199,72,56,87,78
200,23,77,84,53
201,77,76,3,50
202,25,58,21,22
203,80,49,45,64
204,39,75,98,14
205,38,86,57,9
206,49,11,83,97
207,12,94,67,37
208,57,20,53,29
209,30,2,27,3
210,87,94,19,2
211,94,49,50,14
212,19,74,50,19
213,72,49,91,1
214,59,37,26,94
215,55,51,22,8
216,39,49,38,52
217,3,82,26,12
218,82,28,83,25
219,50,9,10,9
220,32,46,17,85
221,22,52,26,48
222,14,89,7,98
223,71,42,78,79
224,98,61,41,22
225,12,86,36,45
226,11,12,16,34
227,16,5,34,74
228,80,70,98,56
229,27,88,90,61
230,53,69,95,64
231,2,0,99,77
232,52,37,20,92
233,31,30,86,58
234,57,18,44,89
235,62,26,74,47
236,6,37,16,48
237,48,43,44,53
238,23,53,4,27
239,9,53,54,30
240,37,96,62,91
241,97,12,64,91
242,10,48,44,67
243,20,11,45,70
244,83,2,76,54
245,81,80,52,75
246,70,94,52,66
247,93,40,85,90
248,88,28,32,57
249,75,20,79,16
250,82,60,67,94
251,6,87,83,56
252,2,14,8,94
253,46,41,29,49
254,43,36,81,89
255,65,81,34,45
256,37,89,94,49
257,41,45,39,32
258,48,88,68,66
259,81,46,52,53
260,20,65,44,86
261,0,14,10,87
262,97,49,85,67
263,87,94,52,79
264,45,87,53,92
265,59,99,31,18
266,85,40,34,80
267,85,49,16,71
268,77,48,96,53
269,76,94,15,44
270,79,67,15,16
271,92,98,16,79
272,90,71,78,43
273,60,91,52,58
274,36,85,56,18
275,52,57,62,26
276,17,66,76,48
277,30,82,27,51
278,34,97,88,16
279,38,63,95,59
280,15,16,19,90
281,68,60,60,29
282,28,42,84,0
283,45,47,43,93
284,30,66,32,39
285,7,80,13,92
286,93,7,95,75
287,44,71,80,78
288,24,23,78,94
289,26,50,63,17
290,33,30,6,37
291,62,64,48,85
292,71,61,5,82
293,34,76,25,35
294,20,9,45,18
295,85,99,61,84
296,54,70,0,80
297,15,95,6,79
298,22,46,34,27
299,6,11,51,19
300,31,20,6,92
301,32,68,27,16
302,48,23,61,13
303,93,16,97,59
304,70,23,38,23
305,63,36,81,85
306,55,45,86,61
307,38,38,93,34
308,83,50,61,44
309,23,43,22,0
310,12,78,6,25
311,20,2,24,54
312,70,13,17,68
313,0,50,22,22
314,19,37,6,90
315,73,83,46,56
316,11,98,62,92
317,28,22,59,74
318,56,49,93,91
319,12,58,74,1
320,72,94,22,53
321,67,62,61,98
322,49,92,99,25
323,55,78,71,63
324,9,10,10,79
325,58,59,25,57
326,78,90,25,27
327,97,33,92,7
328,43,16,43,83
329,4,67,24,87
330,57,14,46,50
331,89,28,62,97
332,81,97,0,68
333,25,55,32,48
334,82,30,93,54
335,45,26,41,35
336,94,27,0,94
337,29,39,50,67
338,37,63,88,43
339,38,22,10,63
340,51,88,93,18
341,25,58,53,4
342,77,37,28,57
343,81,89,34,82
344,80,72,27,38
345,12,44,81,2
346,59,52,56,87
347,55,64,72,42
348,77,58,56,55
349,39,58,53,77
350,20,55,78,42
351,82,68,74,76
352,57,90,42,22
353,17,40,50,95
354,5,99,68,38
355,53,3,97,20
356,65,64,88,47
357,89,30,80,29
358,38,26,31,35
359,5,7,26,69
360,66,52,98,96
361,3,69,36,66
362,71,91,74,39
363,37,14,98,92
364,91,84,56,42
365,53,51,98,12
366,30,22,44,26
367,93,13,83,72
368,78,44,62,85
369,72,10,40,24
370,15,60,54,96
371,11,25,66,72
372,89,45,30,19
373,60,70,8,15
374,73,5,33,31
375,38,36,46,74
376,65,41,84,0
377,72,77,69,13
378,8,60,81,26
379,57,77,59,44
380,38,5,82,27
381,19,9,63,57
382,80,93,77,93
383,43,93,87,97
384,81,84,44,41
385,32,0,54,4
386,65,88,45,9
387,13,10,13,10
388,9,30,51,72
389,78,59,75,77
390,66,28,73,47
391,58,13,53,49
392,83,7,86,37
393,77,87,53,49
394,37,75,26,29
395,76,2,9,47
396,27,43,52,80
397,53,93,26,4
398,45,66,62,10
399,10,16,60,12
400,13,19,48,39
401,12,8,92,21
402,86,29,36,33
403,42,93,28,38
404,29,75,11,56
405,19,34,53,91
406,15,27,62,84
407,93,26,9,30
408,2,7,10,27
409,2,28,23,5
410,38,1,89,68
411,99,26,75,72
412,95,84,22,54
413,31,18,41,25
414,40,84,86,17
415,20,64,78,44
416,47,47,1,96
417,54,41,88,32
418,27,5,26,39
419,36,66,62,54
420,63,72,4,44
421,53,61,53,54
422,19,60,33,5
423,69,42,8,91
424,70,87,35,43
425,88,37,73,99
426,35,43,45,1
427,81,35,49,29
428,51,62,65,0
429,53,21,67,89
430,13,81,75,74
431,56,3,82,18
432,60,70,59,45
433,77,67,29,12
434,27,93,59,70
435,33,61,4,76
436,51,54,87,22
437,57,63,87,90
438,38,8,49,81
439,19,99,50,46
440,48,25,52,36
441,67,64,32,27
442,41,46,91,81
443,27,0,76,57
444,39,96,92,33
445,84,37,79,5
446,51,70,22,59
447,82,39,44,50
448,80,88,4,3
449,13,53,66,35
450,89,53,95,19
451,76,51,87,72
452,53,94,2,21
453,98,45,4,54
454,23,70,9,80
455,84,13,8,22
456,11,8,90,86
457,37,36,65,26
458,25,55,1,45
459,90,41,86,41
460,41,25,51,64
461,59,57,14,47
462,79,3,94,34
463,72,24,82,94
464,51,13,54,53
465,7,62,6,99
466,3,17,9,21
467,84,76,82,35
468,77,85,13,4
469,0,67,92,32
470,50,44,20,64
471,0,50,72,54
472,71,16,34,63
473,0,86,60,19
474,20,89,19,75
475,33,32,33,9
476,45,36,64,73
477,66,0,16,1
478,66,56,30,67
479,93,17,10,98
480,0,10,83,25
481,70,85,29,22
482,67,78,91,44
483,27,67,46,84
484,71,33,12,36
485,54,84,52,95
486,76,17,46,34
487,94,23,89,20
488,28,92,24,58
489,11,10,37,12
490,59,97,44,65
491,62,42,1,92
492,18,84,96,95
493,95,9,13,95
494,87,92,78,30
495,14,25,24,23
496,87,55,50,23
497,98,16,23,29
498,91,62,68,64
499,98,96,93,5
500,91,48,31,11
501,34,40,24,42
502,60,53,77,68
503,36,41,99,79
504,62,19,94,73
505,25,97,93,75
506,12,46,61,95
507,60,73,72,17
508,27,86,23,96
509,36,88,56,19
510,59,26,94,53
511,20,9,25,19
512,50,12,1,8
513,20,22,12,73
514,85,14,18,59
515,38,29,92,33
516,50,85,20,71
517,77,38,99,87
518,94,31,72,6
519,30,5,4,78
520,48,12,15,15
521,78,22,56,89
522,26,36,58,16
523,16,65,81,64
524,91,87,12,32
525,75,17,11,11
526,32,33,11,63
527,83,41,78,63
528,40,28,36,67
529,41,10,52,50
530,5,83,77,1
531,55,88,67,81
532,71,63,71,74
533,2,89,88,43
534,53,95,58,18
535,36,44,39,65
536,69,39,47,29
537,73,16,47,63
538,83,14,12,68
539,41,18,56,90
540,79,37,84,71
541,29,13,97,65
542,13,78,13,7
543,8,10,26,55
544,80,51,4,26
545,49,20,38,16
546,13,50,6,42
547,39,29,30,15
548,0,5,50,16
549,90,85,83,49
550,98,44,41,65
551,69,97,76,55
552,93,71,3,49
553,2,82,89,32
554,12,15,94,20
555,92,69,79,87
556,55,91,1,71
557,44,8,89,26
558,81,29,10,33
559,20,75,77,99
560,67,80,18,52
561,47,14,20,17
562,43,38,71,54
563,58,99,2,91
564,77,38,66,2
565,72,33,59,35
566,73,60,73,90
567,80,28,79,35
568,31,36,14,54
569,42,6,18,8
570,41,59,3,95
571,32,23,11,83
572,67,16,92,43
573,67,60,25,39
574,58,7,66,30
575,10,31,70,20
576,4,52,46,48
577,33,36,81,99
578,18,76,86,95
579,56,37,34,54
580,25,19,11,71
581,36,74,56,9
582,99,29,17,62
583,63,17,14,41
584,75,28,47,96
585,30,23,15,37
586,33,91,61,20
587,42,29,5,14
588,76,87,82,52
589,76,66,29,12
590,4,78,3,8
591,6,95,18,24
592,59,19,74,24
593,33,21,31,41
594,21,96,25,63
595,18,20,77,56
596,30,91,93,12
597,56,53,51,30
598,68,57,58,51
599,2,3,31,92
600,67,21,65,35
601,88,12,47,43
602,46,7,45,21
603,28,50,58,87
604,55,20,47,16
605,18,43,0,35
606,42,25,16,59
607,76,50,0,37
608,76,88,62,22
609,76,25,38,82
610,28,32,43,64
611,22,43,39,85
612,25,24,41,54
613,38,32,16,89
614,79,93,31,88
615,75,29,98,9
616,89,32,46,48
617,7,91,56,93
618,26,25,34,53
619,85,94,32,20
620,72,20,29,83
621,13,16,81,72
622,66,41,4,61
623,48,41,31,96
624,76,64,20,90
625,38,38,84,1
626,33,88,17,59
627,38,93,89,24
628,49,33,98,62
629,15,18,69,44
630,86,42,58,23
631,83,75,33,95
632,49,49,85,63
633,27,97,95,62
634,85,38,62,38
635,76,93,84,64
636,19,48,65,84
637,78,7,92,98
638,9,27,64,42
639,8,65,25,46
640,13,50,49,49
641,82,10,7,14
642,23,8,57,81
643,28,17,19,92
644,58,27,39,60
645,99,82,65,27
646,81,12,40,11
647,13,10,83,67
648,40,53,23,25
649,85,23,9,90
650,31,5,52,7
651,27,72,39,57
652,86,56,12,85
653,0,52,34,66
654,91,94,85,20
655,40,3,1,7
656,47,5,5,95
657,62,85,14,16
658,17,25,54,93
659,36,65,70,65
660,32,73,32,90
661,56,68,25,81
662,22,37,81,31
663,42,74,62,43
664,4,50,58,62
665,72,94,24,6
666,11,92,99,39
667,52,51,38,38
668,55,0,44,14
669,25,40,96,7
670,82,2,28,2
671,0,38,30,92
672,92,16,1,40
673,99,78,64,79
674,55,81,96,47
675,26,28,73,20
676,7,44,77,8
677,25,1,38,35
678,62,79,81,92
679,57,91,26,82
680,63,53,42,19
681,74,15,37,43
682,49,81,25,70
683,37,34,61,16
684,50,64,98,63
685,50,6,75,97
686,46,14,34,50
687,88,26,24,60
688,83,21,57,82
689,55,24,47,64
690,18,21,51,14
691,5,93,38,7
692,6,12,95,65
693,2,98,67,3
694,42,65,57,5
695,17,70,56,13
696,50,77,14,76
697,2,60,91,71
698,54,5,77,88
699,66,19,54,90
700,21,85,30,77
701,88,63,90,27
702,23,89,92,98
703,94,16,61,35
704,64,75,84,15
705,39,19,0,36
706,70,77,19,35
707,81,95,42,25
708,58,18,34,73
709,51,25,80,63
710,21,98,69,1
711,4,77,65,51
712,63,89,98,20
713,14,11,13,55
714,90,92,95,30
715,21,60,63,94
716,45,75,57,27
717,83,16,50,24
718,2,42,10,65
719,95,29,34,71
720,98,59,5,98
721,73,12,58,83
722,14,89,32,74
723,55,92,37,0
724,38,16,85,49
725,11,38,84,18
726,61,63,14,69
727,58,49,89,65
728,17,59,76,9
729,2,69,74,70
730,21,52,56,37
731,50,24,41,18
732,56,34,27,3
733,14,3,65,89
734,8,92,51,6
735,29,36,61,95
736,47,87,71,45
737,78,61,7,5
738,67,33,42,50
739,1,51,59,75
740,50,22,6,91
741,8,70,87,27
742,64,85,12,49
743,27,42,74,69
744,97,59,95,89
745,72,80,83,85
746,3,70,97,26
747,89,61,3,6
748,42,96,42,70
749,72,80,16,89
750,94,3,71,37
751,2,30,16,39
752,47,51,79,33
753,61,26,15,12
754,99,21,69,17
755,33,92,10,41
756,1,89,40,94
757,68,71,68,82
758,11,55,92,25
759,52,54,90,81
760,91,9,32,2
761,23,75,73,55
762,83,96,65,51
763,44,27,9,96
764,37,97,57,2
765,10,19,75,65
766,99,92,30,58
767,73,94,19,93
768,18,2,55,76
769,71,83,92,8
770,55,18,25,48
771,74,51,68,59
772,76,83,1,56
773,58,52,49,33
774,75,56,20,53
775,61,72,78,8
776,58,33,15,7
777,88,13,28,29
778,9,3,71,74
779,28,48,87,29
780,95,4,46,13
781,3,58,79,27
782,82,12,47,78
783,37,63,73,24
784,23,3,73,36
785,41,5,86,87
786,78,60,97,98
787,84,85,82,97
788,50,7,71,94
789,43,90,61,32
790,31,75,88,29
791,65,75,88,33
792,90,39,55,3
793,21,63,53,9
794,98,42,64,44
795,71,28,60,98
796,64,61,46,48
797,37,75,70,56
798,68,46,38,15
799,45,69,1,0
800,46,25,69,85
801,26,54,89,6
802,14,12,45,68
803,53,2,47,25
804,43,99,18,82
805,32,68,42,99
806,23,79,43,43
807,28,37,51,0
808,41,47,68,56
809,34,97,76,64
810,12,0,77,37
811,25,93,58,84
812,76,6,76,56
813,0,8,45,17
814,6,91,14,56
815,53,94,57,24
816,97,0,90,92
817,29,91,49,77
818,10,35,39,18
819,96,39,23,17
820,90,65,3,74
821,20,54,16,42
822,43,92,82,42
823,88,66,66,22
824,92,78,0,85
825,85,87,76,93
826,44,7,30,92
827,25,22,70,61
828,72,13,82,87
829,95,30,47,79
830,97,29,30,91
831,44,14,1,12
832,28,68,90,72
833,88,79,66,9
834,53,84,17,8
835,72,44,93,16
836,7,68,47,23
837,24,96,10,7
838,32,38,38,34
839,58,91,27,1
840,52,46,15,64
841,24,93,28,21
842,87,76,52,62
843,27,48,42,60
844,65,1,75,23
845,50,26,2,21
846,83,47,71,27
847,94,18,2,49
848,19,17,24,38
849,31,34,65,71
850,4,62,66,5
851,88,72,95,82
852,71,47,89,51
853,49,59,61,1
854,90,0,93,35
855,81,94,82,94
856,60,11,21,79
857,41,97,23,55
858,2,20,18,77
859,96,65,74,37
860,30,52,65,72
861,59,67,80,64
862,25,15,5,79
863,57,16,10,32
864,86,79,47,54
865,79,89,14,7
866,72,59,46,25
867,32,8,59,26
868,96,17,83,89
869,57,11,41,37
870,87,75,34,82
871,71,52,96,41
872,32,45,98,30
873,84,93,66,67
874,75,78,4,82
875,65,76,49,8
876,35,91,81,40
877,38,4,71,55
878,27,57,38,65
879,99,31,72,96
880,33,1,67,23
881,5,45,80,73
882,99,8,10,58
883,50,39,5,57
884,36,70,10,89
885,74,36,66,35
886,13,30,13,76
887,42,23,5,88
888,54,82,89,54
889,68,28,36,69
890,14,99,93,2
891,3,66,54,35
892,56,13,4,17
893,84,34,21,25
894,56,3,23,8
895,32,75,65,26
896,36,65,75,97
897,99,10,96,20
898,90,59,88,34
899,16,57,16,43