1000;1,97,1,1
ID,F,HW,MT1,MT2
1,41,3,36,10
2,24,0,21,89
3,99,56,54,94
4,80,27,25,72
5,2,45,73,93
6,80,36,16,86
7,33,8,55,39
8,3,28,47,83
9,17,28,0,9
10,80,80,62,17
11,30,72,83,24
12,98,68,98,94
13,97,62,70,81
14,75,55,74,92
15,67,2,61,33
16,63,96,86,57
17,23,73,90,21
18,80,88,58,63
19,84,19,5,32
20,30,11,97,92
21,44,16,0,73
22,6,39,3,29
23,44,59,88,34
24,30,71,54,36
25,22,2,43,2
26,40,68,95,72
27,2,71,26,64
28,84,0,71,78
29,83,84,52,2
30,27,25,3,7
31,15,82,26,98
32,4,31,46,55
33,43,79,54,78
34,21,12,74,60
35,8,49,59,29
36,22,26,26,22
37,59,53,70,94
38,4,53,5,95
39,21,5,2,45
40,46,96,31,61
41,17,11,17,81
42,19,86,78,43
43,67,67,4,67
44,91,71,77,59
45,83,52,72,33
46,25,50,18,62
47,9,72,28,98
48,29,29,64,22
49,9,12,53,64
50,37,79,8,66
51,9,59,43,36
52,52,27,3,86
53,6,32,81,32
54,97,40,52,18
55,22,75,61,87
56,95,90,64,18
57,44,77,96,61
58,19,8,94,91
59,94,14,62,68
60,52,38,78,88
61,34,84,4,89
62,36,99,38,58
63,47,14,32,77
64,73,86,60,20
65,29,61,59,8
66,26,75,71,52
67,11,72,29,19
68,70,66,2,34
69,33,22,59,63
70,83,92,86,76
71,26,68,7,16
72,57,57,93,17
73,65,30,8,21
74,11,70,77,36
75,21,6,88,77
76,95,1,93,75
77,19,30,78,26
78,75,19,90,65
79,51,81,10,20
80,48,93,60,16
81,52,88,1,67
82,74,11,68,14
83,66,42,98,27
84,75,23,11,27
85,16,87,39,20
86,54,28,98,24
87,65,60,87,90
88,76,84,57,71
89,29,55,24,66
90,95,58,65,69
91,78,0,77,43
92,82,68,48,35
93,55,11,75,59
94,71,46,82,99
95,15,21,68,2
96,23,92,73,88
97,62,23,96,41
98,11,66,20,86
99,4,96,83,37
100,95,73,39,45
101,82,27,14,9
102,54,15,30,82
103,46,56,92,78
104,27,31,46,93
105,52,96,22,92
106,70,71,6,87
107,17,61,88,98
108,40,14,9,23
109,82,3,24,60
110,61,82,75,78
111,58,11,54,24
112,44,4,86,71
113,55,5,73,39
114,71,77,82,84
115,57,70,66,51
116,14,2,37,18
117,21,55,60,75
118,87,7,83,79
119,58,62,41,43
120,55,28,31,34
121,35,78,74,46
122,94,31,80,29
123,95,98,67,46
124,69,17,11,15
125,32,1,16,40
126,51,75,53,23
127,23,24,81,72
128,2,38,87,74
129,53,95,87,31
130,77,37,55,3
131,27,10,40,7
132,41,69,42,26
133,63,34,99,61
134,9,71,54,98
135,14,99,95,29
136,99,60,87,1
137,76,80,29,9
138,44,17,37,17
139,9,9,14,71
140,96,55,30,20
141,44,23,80,52
142,27,63,53,89
143,71,79,95,76
144,86,69,53,79
145,49,15,78,66
146,97,16,4,30
147,55,64,41,15
148,91,13,1,19
149,90,95,90,21
150,49,77,11,75
151,46,3,40,71
152,19,68,0,58
153,90,25,3,53
154,29,53,90,59
155,36,82,64,98
156,52,59,49,64
157,54,24,48,18
158,74,48,9,20
159,87,35,92,8
160,41,16,3,49
161,4,86,53,40
162,66,58,61,71
163,43,26,87,39
164,83,10,56,44
165,2,66,23,27
166,8,11,69,38
167,73,59,17,99
168,65,26,60,46
169,24,68,35,9
170,92,13,71,76
171,88,38,8,31
172,54,3,11,68
173,93,53,37,27
174,76,17,33,34
175,1,47,88,51
176,37,8,72,68
177,63,40,5,13
178,80,88,51,54
179,39,42,51,81
180,15,22,51,44
181,10,3,80,30
182,57,37,12,62
183,41,40,0,20
184,69,29,46,62
185,27,79,18,66
186,89,67,25,9
187,61,9,32,14
188,65,23,37,81
189,43,65,84,65
190,99,62,75,48
191,80,21,47,84
192,38,81,26,65
193,73,39,43,45
194,27,77,43,12
195,77,37,93,52
196,24,67,7,38
197,27,75,60,0
198,39,70,39,45
199,49,37,92,7
200,74,66,4,32
201,96,98,60,35
202,42,71,8,33
203,59,73,20,77
204,63,27,67,36
205,40,14,44,94
206,70,8,40,63
207,16,54,79,13
208,59,30,16,62
209,3,76,31,12
210,79,68,54,18
211,42,60,95,87
212,28,39,0,35
213,18,24,73,9
214,95,55,89,23
215,95,32,52,26
216,63,95,69,36
217,78,39,26,1
218,3,41,70,46
219,26,17,13,77
220,24,10,59,0
221,86,95,35,52
222,44,51,95,88
223,71,37,65,34
224,30,22,22,8
225,39,33,32,76
226,11,65,0,73
227,36,65,2,31
228,50,92,11,78
229,33,10,39,3
230,64,82,44,93
231,76,18,42,85
232,88,92,82,98
233,86,7,36,78
234,60,80,80,43
235,94,60,11,58
236,89,76,46,88
237,36,85,17,94
238,9,35,37,34
239,10,58,57,79
240,15,73,51,70
241,26,93,21,96
242,99,26,28,46
243,20,86,24,44
244,57,33,53,26
245,25,1,3,68
246,29,85,59,88
247,80,88,25,83
248,26,15,12,38
249,63,78,77,86
250,9,81,35,54
251,59,14,61,98
252,26,94,62,70
253,73,18,82,45
254,92,80,12,77
255,9,15,69,21
256,73,42,10,59
257,64,33,53,24
258,34,8,59,28
259,86,2,27,79
260,14,38,33,33
261,49,46,99,13
262,26,43,49,83
263,53,48,91,94
264,72,46,47,38
265,90,97,83,74
266,84,93,99,82
267,5,96,55,40
268,68,36,88,0
269,83,19,29,43
270,27,86,89,75
271,14,8,67,64
272,13,15,8,33
273,33,27,59,51
274,67,2,79,63
275,1,93,34,11
276,34,34,33,29
277,89,5,40,48
278,91,61,84,92
279,12,9,19,20
280,93,66,67,70
281,13,99,6,56
282,89,28,92,37
283,93,72,11,97
284,74,23,46,68
285,48,46,90,73
286,66,51,35,76
287,17,83,67,2
288,62,46,60,31
289,52,42,0,21
290,90,48,7,8
291,3,91,93,51
292,60,78,3,23
293,98,88,69,6
294,51,83,91,64
295,36,16,83,23
296,92,41,26,78
297,73,81,85,39
298,64,31,31,48
299,17,75,50,21
300,12,55,85,19
301,79,75,8,61
302,63,65,39,35
303,94,10,89,53
304,31,51,80,16
305,17,54,20,17
306,81,84,26,80
307,81,32,56,79
308,89,42,42,5
309,38,96,75,20
310,91,61,56,50
311,30,62,12,26
312,83,47,96,28
313,42,82,79,64
314,51,98,67,16
315,20,13,52,71
316,62,66,96,19
317,26,81,97,90
318,0,3,24,9
319,11,96,20,53
320,41,52,57,45
321,11,20,72,54
322,17,58,20,20
323,95,12,29,57
324,36,70,89,73
325,62,45,1,19
326,41,56,42,44
327,47,41,40,80
328,52,44,3,2
329,16,59,79,38
330,35,81,6,57
331,32,36,21,92
332,78,1,41,61
333,95,47,58,25
334,59,42,35,8
335,51,52,3,67
336,73,76,27,47
337,10,66,49,57
338,7,14,38,39
339,39,38,78,25
340,13,75,52,39
341,32,61,89,92
342,7,17,24,34
343,60,35,70,88
344,84,6,41,74
345,50,35,25,85
346,39,25,27,40
347,27,92,48,71
348,78,32,36,85
349,69,98,39,52
350,64,99,78,31
351,87,90,44,44
352,29,4,17,58
353,70,63,0,59
354,26,5,56,31
355,86,29,10,95
356,59,69,96,62
357,70,32,80,38
358,24,83,61,75
359,83,76,70,54
360,34,28,38,65
361,63,92,51,49
362,97,22,75,61
363,28,15,26,40
364,53,75,36,25
365,15,93,15,12
366,24,97,34,24
367,85,41,70,34
368,21,18,78,49
369,54,24,26,65
370,57,29,20,97
371,57,23,41,48
372,84,3,56,52
373,90,7,56,1
374,12,78,30,48
375,1,26,31,7
376,76,83,89,60
377,88,37,58,44
378,40,93,34,6
379,20,51,17,81
380,1,50,55,32
381,55,52,98,15
382,15,3,62,29
383,13,74,33,55
384,22,94,5,53
385,89,65,36,44
386,70,55,52,66
387,71,4,57,43
388,8,74,29,66
389,46,10,70,72
390,51,2,88,97
391,41,64,86,39
392,6,96,59,43
393,49,98,75,77
394,37,6,71,55
395,86,63,39,5
396,38,38,80,18
397,66,87,22,73
398,58,79,87,10
399,43,91,25,52
400,61,15,86,45
401,35,63,57,75
402,36,45,37,58
403,64,92,85,76
404,58,43,70,68
405,70,42,46,63
406,0,14,29,78
407,93,88,85,52
408,18,90,1,59
409,54,96,72,46
410,97,27,36,64
411,27,53,40,72
412,90,92,64,40
413,59,16,83,92
414,2,78,62,20
415,42,93,83,0
416,5,0,9,71
417,30,28,42,20
418,73,39,95,28
419,19,89,42,0
420,52,54,46,23
421,38,82,55,95
422,34,89,46,4
423,13,53,63,49
424,27,80,0,70
425,56,96,50,69
426,84,15,95,18
427,17,21,54,34
428,19,9,7,50
429,41,64,72,17
430,46,83,32,17
431,42,87,1,35
432,74,41,98,48
433,93,2,43,4
434,78,53,6,78
435,3,1,70,77
436,90,37,66,19
437,67,28,42,20
438,29,56,16,94
439,53,86,68,55
440,71,81,21,91
441,39,29,93,74
442,39,45,19,64
443,4,34,56,4
444,16,97,40,23
445,23,13,77,41
446,83,48,58,77
447,40,11,92,35
448,73,22,30,81
449,52,44,56,23
450,15,39,24,72
451,69,87,39,79
452,57,17,12,92
453,31,86,84,66
454,92,21,34,26
455,75,2,91,25
456,69,40,7,69
457,17,75,14,56
458,34,43,91,22
459,36,32,54,3
460,79,57,89,45
461,10,40,52,74
462,87,58,62,98
463,70,84,62,61
464,40,87,99,48
465,24,7,25,32
466,54,83,47,30
467,57,87,99,39
468,2,23,76,65
469,75,93,18,11
470,74,7,92,60
471,99,87,81,4
472,9,89,11,28
473,55,59,68,80
474,89,26,74,82
475,7,91,52,73
476,0,75,65,83
477,96,29,43,98
478,64,80,83,14
479,99,23,36,82
480,48,20,81,15
481,95,30,58,94
482,44,21,56,32
483,40,32,0,29
484,45,70,77,72
485,88,23,51,26
486,9,15,30,14
487,10,23,25,5
488,76,7,45,36
489,56,84,98,88
490,14,95,81,12
491,72,48,51,0
492,41,66,24,61
493,18,89,2,39
494,81,31,73,32
495,70,65,55,95
496,45,66,22,77
497,16,79,33,18
498,94,1,68,78
499,51,9,84,58
500,51,82,39,73
501,61,7,8,46
502,25,18,39,41
503,13,53,38,30
504,66,21,85,19
505,81,59,15,8
506,22,53,55,2
507,85,13,89,70
508,85,75,94,56
509,40,68,91,73
510,8,2,40,61
511,55,54,67,78
512,24,57,15,99
513,33,7,33,92
514,79,25,35,88
515,55,58,23,25
516,57,70,15,79
517,27,34,99,36
518,68,81,82,99
519,35,44,54,76
520,48,40,89,63
521,81,30,7,99
522,18,4,26,20
523,24,9,6,23
524,0,27,75,86
525,33,23,15,79
526,97,62,12,59
527,57,30,67,70
528,94,52,33,2
529,38,90,27,17
530,1,78,34,38
531,93,92,76,35
532,79,3,92,43
533,42,5,93,15
534,76,12,54,97
535,54,62,58,67
536,72,24,75,4
537,31,69,61,89
538,55,45,58,84
539,48,20,24,60
540,10,24,96,10
541,66,38,28,95
542,6,39,15,78
543,80,96,34,99
544,6,81,61,10
545,24,4,88,59
546,40,84,71,13
547,54,29,68,35
548,46,17,73,27
549,96,12,63,25
550,10,3,52,71
551,49,12,90,58
552,4,28,6,4
553,45,98,10,52
554,99,62,37,18
555,55,47,56,21
556,77,61,45,84
557,52,41,47,43
558,4,11,87,54
559,42,14,84,38
560,4,54,71,26
561,17,13,98,79
562,58,50,99,21
563,51,49,13,16
564,83,78,32,39
565,43,70,39,22
566,14,21,3,94
567,83,48,15,8
568,4,5,66,31
569,93,22,82,63
570,45,57,8,58
571,82,36,56,81
572,92,56,46,43
573,73,57,31,91
574,92,60,33,69
575,9,18,89,29
576,22,68,29,43
577,20,65,38,60
578,94,14,13,10
579,74,86,29,85
580,88,93,56,24
581,92,19,19,45
582,27,94,77,57
583,8,64,66,99
584,83,81,13,0
585,3,45,49,67
586,99,62,22,90
587,52,45,17,61
588,5,80,40,94
589,95,63,73,57
590,2,89,95,21
591,4,69,55,87
592,26,66,23,46
593,45,26,82,44
594,10,55,24,9
595,19,62,74,69
596,78,5,43,2
597,83,36,11,12
598,58,71,79,90
599,3,68,16,18
600,70,99,16,55
601,25,0,67,40
602,64,39,55,79
603,28,0,36,45
604,88,78,47,32
605,62,31,24,35
606,57,98,54,72
607,38,80,76,85
608,9,99,41,49
609,36,50,4,78
610,15,45,20,3
611,88,66,54,96
612,76,73,47,71
613,59,50,23,4
614,27,51,6,5
615,65,57,85,51
616,68,57,4,30
617,92,89,92,71
618,88,70,51,12
619,3,90,73,92
620,62,24,27,81
621,89,33,62,79
622,30,12,26,30
623,56,56,35,84
624,58,82,68,9
625,0,30,30,99
626,45,41,37,43
627,70,94,46,13
628,1,63,80,30
629,12,5,4,60
630,22,90,60,49
631,30,77,45,58
632,96,77,90,81
633,38,11,7,90
634,71,0,55,90
635,76,22,44,0
636,42,46,32,96
637,7,77,93,83
638,47,60,38,40
639,93,20,0,9
640,11,59,78,91
641,37,85,65,34
642,69,52,51,64
643,50,74,80,78
644,63,40,53,71
645,1,24,54,20
646,50,66,53,70
647,44,95,63,69
648,88,65,59,14
649,81,98,52,89
650,7,87,90,52
651,21,7,22,40
652,41,93,13,46
653,91,13,97,72
654,69,90,54,32
655,44,39,5,85
656,72,20,54,27
657,1,81,60,40
658,62,30,95,84
659,0,48,45,67
660,4,41,47,57
661,69,29,6,92
662,11,49,78,96
663,56,10,41,64
664,65,3,9,43
665,0,90,38,49
666,59,98,82,86
667,99,49,87,32
668,45,99,31,20
669,48,24,48,21
670,48,46,53,11
671,57,15,80,56
672,82,44,59,92
673,46,67,75,98
674,30,12,61,7
675,49,86,52,22
676,2,1,26,32
677,34,47,20,30
678,52,63,17,84
679,55,2,29,46
680,50,76,86,8
681,28,88,74,27
682,3,30,28,17
683,80,2,2,14
684,93,91,96,4
685,5,52,31,25
686,59,61,79,56
687,11,87,58,42
688,16,1,35,3
689,22,10,22,99
690,53,37,78,39
691,85,7,80,84
692,31,56,68,0
693,41,37,11,1
694,97,6,80,34
695,65,52,94,42
696,47,40,75,47
697,92,31,94,68
698,0,91,93,88
699,50,79,40,46
700,71,97,61,19
701,19,7,54,61
702,90,85,99,8
703,9,46,82,90
704,80,82,10,27
705,18,35,44,61
706,83,65,12,38
707,23,97,58,43
708,14,35,74,99
709,73,47,31,60
710,15,12,8,79
711,64,97,1,37
712,99,57,34,49
713,64,57,60,72
714,55,59,28,60
715,30,64,49,7
716,18,45,95,40
717,66,86,89,61
718,17,80,42,47
719,14,55,70,85
720,23,0,47,53
721,44,61,18,50
722,19,21,42,18
723,22,48,69,53
724,44,48,0,11
725,87,29,54,26
726,2,23,73,23
727,55,60,85,5
728,62,60,14,13
729,16,27,56,26
730,14,70,1,81
731,30,15,51,37
732,23,89,89,83
733,48,99,30,58
734,52,82,89,65
735,68,73,26,1
736,42,37,40,69
737,50,96,30,65
738,35,7,93,64
739,6,9,66,66
740,22,3,44,59
741,29,3,67,57
742,57,93,80,70
743,72,74,58,76
744,40,13,43,36
745,32,75,83,74
746,63,64,61,22
747,70,32,82,48
748,5,41,37,98
749,11,65,36,25
750,63,15,77,96
751,30,81,58,89
752,74,27,37,85
753,55,75,23,2
754,58,66,72,93
755,52,91,84,91
756,16,57,9,65
757,31,71,30,19
758,32,53,48,25
759,4,9,38,22
760,56,78,5,24
761,34,42,22,71
762,11,7,34,53
763,66,46,98,48
764,8,76,36,56
765,49,7,26,41
766,80,1,36,75
767,21,53,41,46
768,53,86,88,44
769,58,81,14,71
770,83,1,66,68
771,95,7,17,13
772,9,62,23,19
773,15,72,8,5
774,58,7,16,82
775,10,37,32,8
776,76,51,95,26
777,22,49,96,72
778,90,83,65,99
779,56,8,83,69
780,30,55,44,37
781,56,39,91,72
782,3,73,14,83
783,73,50,62,90
784,42,8,24,40
785,73,84,64,30
786,3,15,39,33
787,71,21,54,92
788,77,65,12,34
789,49,81,27,96
790,83,41,30,43
791,13,37,80,39
792,80,91,30,78
793,24,15,8,39
794,21,35,39,9
795,45,5,15,70
796,80,68,1,47
797,10,98,94,91
798,42,36,68,95
799,69,12,43,76
800,65,75,77,28
801,20,3,10,1
802,22,96,66,60
803,60,76,28,44
804,48,34,76,28
805,52,74,64,79
806,33,80,8,63
807,32,8,31,43
808,97,95,97,48
809,35,37,9,83
810,31,4,39,1
811,0,76,90,2
812,17,46,29,75
813,91,1,85,97
814,1,2,10,50
815,26,71,31,77
816,25,81,32,76
817,11,52,77,22
818,35,34,75,92
819,27,1,13,21
820,6,23,38,60
821,44,75,82,64
822,93,23,24,34
823,88,54,88,78
824,92,27,1,72
825,84,13,35,9
826,42,61,33,32
827,73,80,11,0
828,36,25,59,10
829,70,23,67,1
830,21,10,27,65
831,6,81,5,93
832,88,68,11,90
833,87,35,46,31
834,42,97,19,18
835,61,9,1,60
836,15,67,40,98
837,91,18,21,18
838,26,77,67,96
839,28,72,32,21
840,64,29,42,45
841,92,36,37,31
842,96,9,65,62
843,34,17,49,40
844,28,16,15,64
845,97,34,22,29
846,73,71,9,2
847,34,49,24,74
848,22,3,32,14
849,98,31,4,78
850,42,56,75,4
851,99,75,59,21
852,30,94,94,15
853,85,52,84,84
854,80,53,78,39
855,48,73,42,0
856,35,73,0,45
857,96,5,3,11
858,13,0,30,99
859,8,94,98,17
860,24,27,40,11
861,18,47,89,39
862,5,63,9,22
863,15,35,9,21
864,35,90,75,15
865,2,46,43,67
866,71,62,12,88
867,88,40,23,64
868,42,21,16,71
869,73,8,97,84
870,37,22,52,77
871,57,79,97,37
872,59,67,1,97
873,61,99,0,67
874,40,66,13,66
875,98,87,8,36
876,40,17,79,32
877,40,1,37,89
878,69,4,64,35
879,43,57,30,6
880,1,35,60,35
881,35,27,90,40
882,59,22,87,18
883,39,79,90,57
884,53,97,9,25
885,96,38,99,95
886,29,25,21,64
887,90,83,84,83
888,54,57,13,97
889,90,17,77,22
890,37,27,83,22
891,36,31,45,52
892,92,1,82,2
893,28,91,99,57
894,90,11,80,82
895,45,43,74,20
896,73,61,33,51
897,51,49,27,44
898,6,85,35,87
899,74,45,75,51
900,32,20,16,18
901,38,43,84,58
902,52,82,76,57
903,26,20,88,39
904,48,92,65,16
905,38,11,50,49
906,33,54,24,33
907,23,73,81,97
908,79,17,73,45
909,66,75,40,67
910,89,89,19,72
911,12,25,42,94
912,52,54,82,37
913,95,27,3,0
914,4,4,7,32
915,12,94,1,53
916,41,20,57,89
917,63,22,15,3
918,67,64,34,57
919,41,44,67,84
920,37,45,62,52
921,23,78,30,63
922,81,22,14,63
923,36,1,52,50
924,98,22,23,21
925,31,19,70,83
926,46,66,31,76
927,29,63,69,6
928,55,42,57,59
929,27,43,50,63
930,4,6,75,39
931,98,44,17,22
932,51,61,59,72
933,33,55,26,10
934,57,19,80,21
935,47,36,86,65
936,22,15,55,62
937,39,42,99,42
938,93,77,81,80
939,14,54,47,66
940,96,52,20,90
941,43,56,98,42
942,31,86,99,89
943,88,18,49,88
944,74,16,90,78
945,69,97,39,93
946,93,24,57,50
947,42,22,34,17
948,1,56,72,44
949,9,31,94,82
950,43,23,16,9
951,88,93,13,0
952,96,89,25,56
953,11,53,33,43
954,26,38,66,66
955,86,2,7,17
956,35,75,97,20
957,43,75,22,83
958,39,79,21,41
959,32,1,67,74
960,10,58,41,80
961,25,31,2,52
962,70,68,15,79
963,53,4,80,38
964,7,64,62,66
965,44,82,41,29
966,2,40,57,30
967,88,1,12,19
968,69,30,31,49
969,14,4,21,41
970,22,35,62,58
971,66,34,39,91
972,32,39,72,48
973,79,71,46,52
974,40,71,75,97
975,23,68,3,75
976,69,89,53,1
977,75,22,56,65
978,73,79,20,61
979,21,14,57,85
980,74,68,42,11
981,65,90,15,75
982,7,46,15,42
983,16,53,63,98
984,33,72,79,93
985,56,12,77,47
986,74,97,20,97
987,80,29,2,9
988,79,80,29,41
989,39,14,93,1
990,28,82,14,1
991,99,73,35,28
992,95,70,51,62
993,4,44,53,51
994,21,20,81,16
995,84,0,45,5
996,47,96,24,55
997,99,10,30,20
998,32,88,30,29
999,4,89,2,36
1000,69,54,34,18