1000;10,40,15,35
ID,MT1,HW,F,MT2
1,100,89,90,80
2,73,58,55,67
3,96,35,86,72
4,51,35,80,23
5,25,55,64,35
6,10,61,11,62
7,47,11,8,64
8,92,57,48,24
9,81,34,81,6
10,21,94,70,9
11,2,10,69,46
12,59,61,29,64
13,25,57,27,49
14,85,70,60,61
15,42,90,62,80
16,67,62,40,41
17,88,61,31,28
18,34,25,25,50
19,69,23,28,94
20,41,33,6,8
21,92,71,81,69
22,88,21,4,94
23,67,47,36,44
24,57,50,58,10
25,92,58,74,13
26,34,7,97,70
27,85,23,20,32
28,39,6,7,11
29,33,95,3,84
30,61,36,93,44
31,49,67,5,28
32,2,49,48,50
33,31,23,69,45
34,14,91,77,38
35,88,61,25,45
36,44,76,35,84
37,90,51,97,20
38,99,89,57,45
39,50,75,44,51
40,77,2,65,75
41,68,61,90,68
42,24,77,12,46
43,91,37,58,12
44,5,9,86,14
45,26,46,87,7
46,78,73,3,30
47,74,72,97,60
48,47,5,99,11
49,64,73,65,78
50,27,59,9,41
51,82,48,63,98
52,46,89,60,57
53,67,74,33,14
54,3,13,26,99
55,13,81,34,82
56,66,90,32,35
57,96,80,92,85
58,53,7,28,21
59,62,61,91,41
60,53,50,23,54
61,73,94,84,68
62,72,12,59,96
63,37,8,65,87
64,54,1,21,73
65,1,45,51,70
66,25,57,97,61
67,40,42,12,25
68,42,29,82,63
69,21,84,66,3
70,9,35,48,88
71,85,41,26,2
72,40,77,86,53
73,39,93,99,97
74,6,77,41,99
75,11,56,88,89
76,95,61,15,99
77,93,26,94,75
78,10,93,87,20
79,89,21,68,57
80,66,8,42,39
81,92,10,70,61
82,29,48,55,1
83,1,80,24,35
84,5,22,4,54
85,98,53,51,22
86,39,86,52,10
87,84,55,66,14
88,46,58,23,17
89,94,38,22,60
90,55,16,74,29
91,32,44,99,52
92,23,2,98,64
93,44,15,29,87
94,32,82,14,67
95,43,64,4,94
96,68,16,92,1
97,89,46,70,74
98,5,95,56,8
99,94,91,45,62
100,59,18,94,89
101,54,82,89,44
102,60,58,28,81
103,98,89,24,60
104,19,98,36,45
105,7,33,66,98
106,19,9,43,70
107,8,51,71,24
108,13,40,39,10
109,86,59,55,53
110,55,11,23,38
111,94,11,41,38
112,21,42,49,33
113,77,67,20,28
114,68,61,91,23
115,45,55,68,17
116,26,96,44,11
117,77,38,56,11
118,35,13,25,26
119,91,63,82,51
120,78,29,7,36
121,6,33,27,56
122,66,32,15,34
123,82,86,89,85
124,44,99,46,14
125,79,49,37,43
126,7,67,31,76
127,17,15,14,99
128,97,74,40,97
129,19,19,27,96
130,56,53,94,2
131,46,10,98,51
132,46,11,46,89
133,38,26,58,53
134,23,89,24,63
135,48,2,58,82
136,18,41,58,86
137,68,20,7,35
138,17,79,93,84
139,78,86,88,76
140,97,89,4,77
141,97,75,26,21
142,10,73,51,14
143,33,88,27,34
144,34,25,51,43
145,27,58,86,14
146,36,32,92,80
147,81,29,70,58
148,7,11,18,68
149,65,69,45,75
150,98,56,50,49
151,49,47,90,5
152,49,78,67,50
153,7,85,23,85
154,57,79,85,41
155,63,35,31,34
156,38,77,40,43
157,28,61,51,75
158,76,89,75,42
159,40,66,17,14
160,83,50,88,29
161,77,12,73,21
162,61,44,36,21
163,89,55,25,72
164,46,83,84,48
165,78,64,43,6
166,86,3,19,25
167,64,64,84,12
168,20,64,27,65
169,13,77,10,91
170,5,6,85,58
171,55,17,28,93
172,82,47,52,64
173,68,60,57,23
174,69,18,83,42
175,31,26,61,81
176,43,91,75,56
177,70,25,55,34
178,64,67,63,22
179,92,18,56,23
180,15,92,40,63
181,49,84,7,52
182,58,14,74,62
183,21,36,92,35
184,36,7,87,26
185,17,40,13,52
186,60,5,73,24
187,22,92,96,15
188,8,50,85,15
189,86,2,92,41
190,49,15,99,42
191,89,11,9,6
192,17,3,95,50
193,10,42,55,22
194,93,49,97,71
195,91,21,23,66
196,36,17,9,21
197,62,22,40,59
198,2,59,43,13
199,12,94,67,75
200,93,76,39,84
201,8,65,7,67
202,34,68,64,9
203,89,43,33,65
204,15,82,52,92
205,50,34,66,9
206,6,24,18,14
207,26,42,43,97
208,76,81,9,20
209,34,24,84,85
210,69,52,37,78
211,48,49,89,91
212,90,60,75,57
213,30,50,97,53
214,98,70,2,14
215,29,93,43,43
216,68,31,67,62
217,62,92,83,51
218,30,28,40,82
219,69,55,29,39
220,51,48,43,65
221,93,56,82,19
222,65,40,93,55
223,18,19,12,27
224,70,84,66,37
225,23,0,15,82
226,41,96,33,40
227,69,81,82,42
228,1,85,95,38
229,21,58,45,13
230,58,43,64,70
231,25,63,96,76
232,8,78,51,20
233,41,73,85,7
234,52,77,62,64
235,52,0,53,49
236,35,17,84,84
237,24,3,41,26
238,30,44,81,40
239,5,74,79,24
240,68,44,67,6
241,22,56,9,31
242,46,75,37,88
243,78,16,84,41
244,73,92,17,14
245,46,89,18,55
246,59,22,1,19
247,77,75,21,79
248,7,74,76,83
249,30,62,80,82
250,49,91,67,80
251,67,60,18,36
252,63,53,68,4
253,61,13,88,56
254,97,76,16,39
255,76,81,12,78
256,80,57,43,9
257,29,78,11,77
258,27,75,12,11
259,26,91,52,47
260,65,28,39,66
261,47,39,87,85
262,69,18,35,94
263,86,12,23,81
264,38,98,43,26
265,81,87,82,57
266,57,24,37,9
267,56,42,66,84
268,45,98,26,35
269,3,21,53,41
270,43,68,80,80
271,88,43,92,81
272,5,74,14,77
273,32,44,81,7
274,4,35,47,10
275,45,15,19,75
276,54,92,49,77
277,65,20,62,37
278,83,98,9,43
279,23,84,81,64
280,77,96,62,61
281,7,98,52,94
282,20,76,78,65
283,44,68,59,64
284,67,16,42,4
285,25,24,56,14
286,42,73,60,85
287,79,50,49,53
288,8,52,5,88
289,24,86,63,27
290,28,17,17,94
291,80,46,29,98
292,54,74,37,1
293,19,99,58,38
294,20,50,70,6
295,45,68,96,87
296,26,83,98,53
297,37,14,87,85
298,70,30,66,42
299,5,34,69,73
300,0,11,60,82
301,85,50,86,88
302,83,0,0,34
303,49,68,42,54
304,1,9,55,26
305,20,19,76,41
306,62,40,73,53
307,51,85,39,67
308,71,21,14,79
309,48,84,89,42
310,47,63,58,38
311,21,30,18,54
312,81,11,28,17
313,48,47,70,60
314,51,49,94,41
315,96,44,17,58
316,58,72,95,99
317,67,96,25,87
318,55,51,41,90
319,34,91,66,98
320,13,13,7,38
321,56,59,90,84
322,89,27,72,23
323,34,17,57,71
324,57,64,98,71
325,88,7,15,38
326,54,5,24,6
327,75,88,52,63
328,98,91,86,51
329,25,8,28,0
330,91,1,90,72
331,60,86,87,80
332,1,30,73,83
333,34,92,83,11
334,38,51,25,44
335,75,39,69,68
336,30,39,88,36
337,52,72,0,62
338,71,6,35,8
339,94,32,61,3
340,31,56,3,44
341,12,93,87,13
342,79,72,93,78
343,41,80,48,64
344,84,84,15,85
345,47,66,92,43
346,78,97,61,33
347,33,10,70,7
348,91,87,32,0
349,12,70,87,19
350,33,57,74,95
351,50,97,7,4
352,82,4,18,68
353,47,75,31,56
354,66,91,29,68
355,85,12,90,95
356,44,35,29,6
357,97,91,7,82
358,85,45,52,17
359,64,60,90,8
360,9,32,5,93
361,18,40,7,59
362,81,18,89,95
363,90,89,58,37
364,10,47,53,59
365,22,58,29,92
366,44,28,85,72
367,46,7,15,20
368,78,63,69,23
369,62,43,10,16
370,73,88,62,61
371,59,99,19,74
372,8,63,46,65
373,54,91,6,16
374,27,48,24,27
375,65,45,15,11
376,75,39,24,29
377,1,15,49,59
378,75,10,17,9
379,61,45,98,4
380,34,8,39,67
381,59,59,63,4
382,77,75,49,91
383,7,61,55,49
384,99,18,23,99
385,84,96,39,23
386,33,60,88,36
387,0,41,83,84
388,92,29,26,65
389,59,81,92,91
390,17,91,46,95
391,11,80,97,51
392,27,46,11,30
393,78,18,36,26
394,75,56,48,24
395,77,24,83,62
396,39,46,4,90
397,26,27,30,3
398,46,6,35,24
399,33,56,94,32
400,53,32,84,11
401,88,20,60,84
402,49,89,56,22
403,66,26,17,90
404,61,35,69,94
405,36,54,64,32
406,58,5,99,49
407,37,32,59,28
408,68,7,67,82
409,23,4,84,55
410,90,93,46,27
411,12,39,90,28
412,61,1,49,45
413,20,31,70,20
414,91,7,31,44
415,55,52,53,56
416,78,73,79,89
417,41,30,11,65
418,10,53,95,12
419,86,67,40,21
420,27,11,15,62
421,72,85,33,1
422,56,65,86,63
423,57,32,88,86
424,35,51,72,66
425,62,86,93,63
426,41,28,56,36
427,7,68,65,95
428,30,34,79,64
429,3,22,67,50
430,15,29,43,84
431,57,40,12,8
432,29,96,49,49
433,41,28,25,27
434,57,55,23,11
435,77,84,89,66
436,13,46,98,50
437,22,56,69,72
438,16,79,22,19
439,61,35,98,88
440,24,74,59,73
441,69,23,64,43
442,85,93,23,10
443,22,51,24,10
444,32,22,83,0
445,35,34,52,19
446,71,86,24,18
447,25,60,57,62
448,87,9,29,66
449,63,3,67,26
450,1,12,12,41
451,69,34,18,69
452,46,15,63,67
453,56,6,75,0
454,35,1,53,54
455,54,5,83,34
456,85,98,17,49
457,40,11,54,10
458,22,14,72,29
459,45,57,69,0
460,41,60,75,43
461,43,50,32,47
462,14,65,24,13
463,99,88,66,13
464,36,45,84,28
465,98,44,23,71
466,97,56,68,99
467,25,25,45,18
468,9,5,31,13
469,39,54,31,39
470,25,82,32,54
471,22,47,54,40
472,82,55,64,83
473,7,76,21,71
474,92,13,55,93
475,6,67,38,21
476,31,27,10,5
477,91,80,50,80
478,54,60,16,46
479,18,83,76,70
480,54,38,8,88
481,34,52,8,28
482,79,35,97,75
483,42,53,24,55
484,52,43,67,66
485,78,51,0,54
486,33,77,98,52
487,55,6,23,27
488,81,78,31,37
489,3,2,13,57
490,93,26,4,95
491,72,63,96,73
492,51,6,87,7
493,97,93,85,97
494,48,34,94,55
495,90,69,56,95
496,97,7,14,17
497,70,72,99,37
498,88,61,55,49
499,13,40,87,59
500,17,67,23,13
501,36,85,42,32
502,0,76,66,93
503,83,78,91,67
504,21,50,62,13
505,23,69,33,52
506,22,64,59,8
507,25,94,73,74
508,69,30,38,58
509,8,48,8,17
510,3,6,98,50
511,60,68,71,51
512,69,17,14,32
513,86,12,48,60
514,48,22,1,78
515,11,5,18,42
516,38,54,61,44
517,27,55,41,40
518,9,89,3,79
519,49,28,73,19
520,25,46,8,25
521,72,13,57,26
522,48,93,4,47
523,42,57,51,36
524,11,29,81,87
525,31,30,34,78
526,16,16,92,25
527,89,99,4,93
528,34,11,72,61
529,73,56,47,6
530,0,11,13,87
531,78,32,94,79
532,14,55,69,41
533,71,56,17,21
534,34,72,86,57
535,1,33,72,30
536,16,61,98,12
537,66,65,65,41
538,57,14,42,77
539,2,36,24,16
540,55,2,39,98
541,79,95,33,51
542,76,69,13,94
543,93,19,19,12
544,51,10,99,96
545,10,88,39,95
546,17,48,35,12
547,33,45,32,25
548,80,45,50,58
549,87,97,16,48
550,38,53,76,31
551,12,13,23,51
552,28,98,17,80
553,34,43,39,0
554,4,97,93,7
555,8,98,33,81
556,93,10,5,33
557,12,59,99,48
558,97,58,0,74
559,79,97,83,1
560,42,66,7,6
561,66,86,36,96
562,38,47,27,28
563,4,82,91,15
564,98,73,63,65
565,35,60,83,62
566,39,92,65,60
567,22,94,15,23
568,43,71,8,65
569,17,80,56,44
570,20,80,67,81
571,61,32,66,20
572,35,54,2,64
573,80,73,40,94
574,40,57,79,17
575,82,58,21,45
576,29,89,6,26
577,44,74,86,37
578,53,54,83,96
579,67,29,40,30
580,59,32,45,70
581,96,34,96,6
582,51,63,34,51
583,2,40,71,81
584,81,76,93,18
585,0,52,54,45
586,81,33,39,43
587,31,85,52,75
588,9,73,70,77
589,98,31,94,68
590,42,73,50,85
591,30,19,78,9
592,17,60,14,57
593,15,63,32,45
594,78,57,41,92
595,34,40,84,67
596,67,32,97,76
597,94,8,67,7
598,64,76,42,45
599,15,64,68,66
600,24,62,20,8
601,79,35,6,79
602,11,2,98,7
603,20,70,37,18
604,5,96,85,27
605,25,76,67,1
606,74,56,69,73
607,10,35,52,34
608,29,94,5,32
609,17,38,86,6
610,53,73,89,53
611,28,33,96,60
612,62,58,34,12
613,84,13,51,95
614,15,41,75,79
615,44,48,92,28
616,84,62,91,58
617,75,25,54,88
618,30,38,32,4
619,98,34,50,80
620,90,41,96,65
621,68,53,77,82
622,9,62,19,73
623,39,38,93,20
624,1,14,67,88
625,66,99,81,40
626,53,12,84,94
627,86,26,45,0
628,37,60,73,75
629,39,95,84,52
630,60,51,70,17
631,16,15,79,76
632,2,68,14,62
633,21,94,78,17
634,10,1,53,44
635,80,10,89,61
636,55,70,15,11
637,2,61,55,18
638,70,52,77,97
639,36,91,20,69
640,12,86,67,33
641,37,87,96,33
642,2,70,44,68
643,8,16,57,50
644,12,22,63,72
645,33,69,60,66
646,62,74,41,26
647,62,57,10,48
648,34,59,90,93
649,57,98,62,21
650,18,69,66,2
651,37,94,22,31
652,76,82,68,46
653,10,37,46,16
654,71,58,69,59
655,90,38,96,92
656,68,46,47,43
657,58,70,73,11
658,47,27,35,82
659,9,89,2,13
660,43,62,91,46
661,70,32,73,70
662,78,82,44,3
663,45,59,97,0
664,34,97,45,91
665,40,98,31,66
666,20,92,43,75
667,48,93,70,84
668,94,15,89,81
669,55,96,16,91
670,94,7,6,39
671,81,13,63,67
672,21,19,91,7
673,92,76,80,79
674,89,26,77,67
675,81,87,56,44
676,99,80,41,23
677,94,35,37,48
678,45,18,11,53
679,83,70,12,36
680,49,74,16,21
681,11,13,82,39
682,56,97,41,28
683,45,28,20,3
684,89,60,69,70
685,79,70,95,17
686,88,17,10,42
687,90,36,2,23
688,6,94,57,22
689,53,74,49,42
690,26,49,21,53
691,25,78,52,87
692,2,38,10,87
693,2,50,42,78
694,70,98,95,79
695,16,50,14,62
696,36,35,29,19
697,42,82,35,0
698,5,58,97,87
699,2,51,94,18
700,60,96,11,52
701,14,87,56,27
702,69,25,13,45
703,46,39,53,74
704,26,51,90,65
705,86,74,54,85
706,77,98,64,80
707,33,25,98,85
708,5,44,7,51
709,86,92,90,14
710,60,35,96,44
711,73,78,81,84
712,90,29,38,79
713,1,7,59,23
714,55,19,13,38
715,31,22,71,45
716,96,12,92,68
717,84,86,13,68
718,12,47,12,15
719,79,80,80,33
720,40,52,76,31
721,2,99,47,32
722,87,90,7,42
723,7,6,97,31
724,83,72,65,44
725,67,18,60,42
726,83,12,43,83
727,23,32,83,78
728,21,33,52,44
729,43,93,72,15
730,46,48,23,13
731,75,0,46,59
732,44,37,82,58
733,68,3,1,84
734,15,74,46,4
735,53,81,23,85
736,88,40,47,57
737,3,88,15,10
738,31,32,84,16
739,96,14,66,46
740,51,26,99,63
741,15,29,61,15
742,41,34,82,34
743,81,94,88,17
744,91,2,85,68
745,22,22,92,12
746,64,68,2,80
747,59,58,74,19
748,22,8,59,18
749,76,83,94,59
750,9,46,73,72
751,62,25,26,20
752,70,59,28,19
753,49,38,44,41
754,65,34,60,8
755,52,95,67,41
756,34,85,84,37
757,14,33,62,65
758,55,20,33,78
759,14,0,39,93
760,67,54,98,55
761,83,83,9,4
762,7,44,99,16
763,25,51,51,22
764,71,89,76,2
765,8,27,98,85
766,61,44,46,73
767,3,38,31,88
768,82,14,15,45
769,74,7,34,12
770,94,12,54,60
771,32,74,50,89
772,93,59,10,74
773,76,35,19,0
774,39,81,24,67
775,86,0,91,72
776,14,60,33,71
777,72,19,72,31
778,88,26,87,38
779,4,36,83,31
780,60,2,83,89
781,87,8,78,27
782,2,59,46,31
783,92,43,57,6
784,98,78,15,69
785,68,45,54,15
786,95,79,33,18
787,47,86,62,31
788,54,82,0,2
789,27,59,87,32
790,55,34,2,65
791,26,13,10,62
792,95,28,44,89
793,85,98,57,19
794,5,23,33,64
795,35,4,19,78
796,10,6,57,2
797,37,70,24,64
798,24,57,36,92
799,79,40,8,80
800,85,38,11,92
801,79,65,95,96
802,34,61,37,17
803,17,53,47,49
804,48,92,60,27
805,18,93,61,93
806,4,75,52,10
807,1,63,65,17
808,0,41,36,39
809,88,22,60,96
810,14,67,72,0
811,14,77,34,0
812,42,80,6,16
813,9,91,44,46
814,60,29,66,41
815,41,33,36,53
816,92,90,7,17
817,44,87,30,15
818,33,33,24,32
819,90,99,64,97
820,5,16,68,65
821,23,80,28,29
822,31,55,85,97
823,78,46,35,26
824,19,90,50,89
825,13,65,85,0
826,33,21,28,4
827,46,38,7,26
828,85,48,99,61
829,15,36,49,60
830,5,16,61,83
831,81,60,11,69
832,91,96,96,40
833,0,72,10,72
834,79,41,74,54
835,10,95,60,30
836,0,90,4,63
837,57,77,43,43
838,3,72,48,43
839,17,51,26,29
840,81,77,28,98
841,13,80,23,49
842,54,13,43,51
843,35,37,22,55
844,16,46,68,26
845,27,20,87,59
846,30,33,69,37
847,56,89,65,55
848,45,11,38,64
849,10,80,88,60
850,72,56,40,86
851,64,64,50,11
852,54,23,88,21
853,99,29,33,68
854,79,37,40,25
855,70,72,94,13
856,52,22,85,28
857,97,73,46,71
858,0,94,22,51
859,20,85,64,87
860,68,94,32,80
861,63,65,84,56
862,69,82,2,95
863,99,93,37,8
864,42,68,16,49
865,87,64,15,39
866,90,84,79,98
867,98,82,11,8
868,38,39,0,13
869,49,45,59,46
870,95,20,42,8
871,81,16,42,80
872,41,86,57,76
873,0,31,58,16
874,56,24,10,73
875,78,31,38,67
876,95,73,36,32
877,91,77,8,1
878,90,40,94,23
879,43,26,53,91
880,79,47,68,91
881,66,98,90,78
882,65,46,65,62
883,43,88,12,64
884,76,11,34,51
885,30,67,88,39
886,81,11,5,8
887,26,75,97,20
888,12,47,15,20
889,91,89,99,51
890,8,81,84,70
891,62,29,61,24
892,98,77,95,38
893,5,27,68,19
894,78,49,74,25
895,96,36,36,87
896,33,57,87,97
897,67,99,28,90
898,70,57,40,64
899,13,56,69,29
900,45,54,63,98
901,21,21,41,63
902,45,69,93,52
903,12,81,21,37
904,86,83,7,91
905,34,57,53,22
906,75,90,18,42
907,93,58,83,1
908,4,47,49,66
909,78,10,22,67
910,71,33,75,2
911,14,47,15,71
912,25,10,53,87
913,48,42,23,4
914,23,72,54,39
915,3,87,3,18
916,40,32,61,92
917,86,68,45,32
918,56,83,0,93
919,25,91,14,52
920,45,22,5,87
921,51,18,57,94
922,81,64,14,6
923,97,9,36,51
924,8,9,72,26
925,69,85,93,64
926,53,41,87,52
927,62,50,83,52
928,48,74,94,94
929,77,89,63,33
930,80,35,69,66
931,52,82,71,51
932,83,85,28,62
933,24,73,59,69
934,96,59,29,12
935,58,86,28,52
936,9,23,61,2
937,21,81,5,32
938,66,74,92,63
939,36,53,37,85
940,34,82,42,0
941,62,38,48,72
942,35,55,45,41
943,37,13,44,47
944,0,30,12,94
945,78,66,38,80
946,80,86,30,30
947,74,78,34,8
948,11,11,9,47
949,55,96,63,91
950,94,37,53,0
951,19,38,69,60
952,35,6,50,45
953,91,42,64,54
954,36,17,86,50
955,52,46,50,42
956,28,97,25,27
957,47,80,65,53
958,71,32,54,46
959,41,82,91,24
960,75,59,75,13
961,85,68,30,5
962,49,36,78,85
963,3,94,77,2
964,45,10,52,52
965,37,36,4,8
966,12,2,86,93
967,20,39,96,38
968,11,91,98,77
969,83,45,5,70
970,13,0,47,80
971,61,43,67,84
972,15,23,5,47
973,94,91,19,72
974,36,29,41,24
975,36,40,95,20
976,54,8,15,10
977,0,69,75,54
978,55,22,53,10
979,36,47,50,61
980,11,64,54,74
981,1,30,96,13
982,69,28,34,88
983,75,47,36,65
984,3,6,20,86
985,41,15,23,76
986,60,51,19,25
987,47,49,43,9
988,79,82,33,91
989,33,48,77,26
990,73,63,13,23
991,58,11,97,39
992,58,4,80,22
993,72,82,60,29
994,60,40,15,4
995,44,26,76,17
996,29,49,79,60
997,21,80,79,38
998,76,80,38,6
999,93,94,60,89
1000,4,87,87,89