1000;10,25,40,25
ID,HW,MT1,MT2,F
1,88,93,7,22
2,96,9,19,4
3,72,26,87,12
4,52,24,59,48
5,80,74,76,15
6,43,41,67,42
7,12,77,60,22
8,79,57,28,86
9,19,68,19,26
10,1,76,93,29
11,89,42,51,81
12,19,83,69,85
13,24,3,75,98
14,90,66,42,73
15,39,52,2,3
16,56,40,82,53
17,60,52,61,25
18,79,81,93,28
19,46,86,73,46
20,89,73,9,52
21,95,7,11,46
22,18,9,0,90
23,83,20,72,48
24,61,48,6,35
25,71,78,40,79
26,1,30,63,97
27,89,6,19,52
28,62,10,19,54
29,89,46,10,54
30,49,88,15,95
31,86,77,26,84
32,10,75,89,88
33,0,55,10,6
34,44,25,6,43
35,31,75,85,89
36,43,48,97,57
37,74,35,60,76
38,92,41,22,33
39,36,94,58,23
40,48,9,88,78
41,19,76,4,77
42,54,4,14,9
43,49,66,17,70
44,19,96,24,46
45,32,6,53,94
46,64,67,3,6
47,24,79,99,40
48,17,19,82,11
49,94,66,11,21
50,69,26,62,76
51,95,51,39,40
52,18,15,9,11
53,0,95,74,66
54,21,52,82,98
55,59,53,61,4
56,26,31,67,74
57,72,86,60,69
58,18,67,48,70
59,48,3,10,42
60,2,55,42,71
61,56,6,43,78
62,29,3,20,56
63,92,2,63,62
64,62,60,22,38
65,27,76,36,30
66,80,11,9,97
67,41,83,6,38
68,10,18,15,24
69,57,80,2,45
70,36,40,90,21
71,49,95,21,1
72,62,59,65,55
73,19,7,83,99
74,48,97,77,50
75,66,20,91,25
76,19,98,25,72
77,17,69,86,60
78,37,93,17,4
79,67,74,73,84
80,61,30,8,7
81,48,66,84,63
82,97,70,79,16
83,19,59,31,63
84,92,13,99,81
85,50,78,35,66
86,62,81,60,80
87,35,22,60,14
88,2,68,84,12
89,34,97,76,81
90,63,83,63,19
91,79,34,80,18
92,17,63,71,78
93,13,34,52,60
94,16,93,16,93
95,38,0,90,24
96,48,32,48,98
97,42,72,3,51
98,56,23,49,31
99,2,27,21,41
100,90,36,63,18
101,5,15,72,96
102,53,53,23,95
103,6,56,65,25
104,30,91,13,23
105,98,21,18,32
106,20,7,92,68
107,19,92,61,38
108,28,99,86,52
109,85,31,15,50
110,15,21,76,18
111,35,0,12,75
112,17,72,80,45
113,60,32,83,40
114,89,27,46,45
115,90,90,87,35
116,80,89,13,28
117,43,10,17,92
118,21,29,39,34
119,72,7,23,58
120,39,67,37,43
121,64,47,81,59
122,70,30,92,28
123,31,16,54,4
124,1,64,4,45
125,78,60,66,85
126,91,90,73,59
127,19,7,9,1
128,43,68,72,27
129,54,1,80,65
130,2,78,46,15
131,34,82,19,17
132,91,65,62,10
133,47,37,2,44
134,23,93,58,46
135,92,72,89,81
136,61,55,15,23
137,37,64,67,90
138,1,90,7,65
139,67,50,8,67
140,26,67,51,99
141,99,43,27,48
142,44,75,35,62
143,10,32,73,24
144,56,36,8,18
145,8,65,67,81
146,51,59,74,45
147,35,83,40,74
148,6,0,11,29
149,93,72,78,6
150,75,83,93,72
151,58,18,79,87
152,63,65,40,81
153,20,97,4,14
154,99,27,96,96
155,7,83,56,7
156,78,23,28,13
157,87,70,29,51
158,55,98,1,9
159,90,64,47,97
160,99,35,2,16
161,36,50,25,6
162,21,17,90,46
163,26,16,34,39
164,26,23,8,79
165,20,85,88,83
166,45,97,16,94
167,19,16,16,44
168,16,33,24,98
169,25,32,33,31
170,59,77,48,76
171,17,43,21,13
172,67,65,98,21
173,46,28,0,64
174,55,45,49,20
175,95,55,92,28
176,44,90,36,91
177,38,90,60,4
178,0,16,67,51
179,16,46,3,84
180,73,61,24,37
181,89,57,35,61
182,63,21,35,74
183,38,16,31,65
184,58,97,48,84
185,92,96,4,78
186,87,59,55,66
187,92,28,29,59
188,60,68,10,62
189,11,11,33,13
190,13,70,47,40
191,93,57,90,35
192,21,56,10,22
193,69,12,62,93
194,0,91,57,39
195,69,1,39,87
196,66,22,91,45
197,38,44,60,81
198,71,67,82,66
199,7,73,37,29
200,77,88,97,22
201,83,26,16,90
202,94,0,21,89
203,38,27,87,25
204,26,75,99,44
205,36,48,4,26
206,73,94,92,85
207,76,81,87,80
208,60,9,99,56
209,32,88,6,49
210,27,71,56,41
211,21,40,86,90
212,85,84,76,47
213,98,93,97,48
214,45,4,45,68
215,23,47,80,55
216,26,26,99,81
217,11,35,95,74
218,94,41,32,52
219,15,6,78,87
220,96,31,98,87
221,84,24,35,27
222,27,8,53,31
223,69,22,41,82
224,42,15,95,29
225,7,66,64,58
226,16,56,89,22
227,70,24,7,99
228,93,27,30,82
229,70,68,27,9
230,65,41,10,34
231,11,89,8,1
232,17,76,52,50
233,5,92,92,34
234,23,3,88,46
235,21,86,43,7
236,11,21,41,17
237,66,61,75,53
238,49,27,43,50
239,64,77,99,45
240,24,89,48,64
241,65,19,68,50
242,59,67,92,68
243,32,88,60,2
244,31,39,66,63
245,83,47,57,58
246,17,95,38,62
247,99,92,72,75
248,1,52,73,30
249,98,0,48,25
250,64,79,18,3
251,89,71,66,50
252,18,35,92,36
253,98,89,54,18
254,40,26,29,49
255,73,58,76,71
256,42,96,13,8
257,16,76,64,76
258,77,48,34,79
259,36,4,16,83
260,60,90,79,53
261,86,54,99,4
262,31,21,71,15
263,63,27,83,93
264,3,19,88,41
265,41,6,78,37
266,25,80,73,93
267,94,93,88,55
268,47,68,85,94
269,81,98,4,46
270,90,76,45,30
271,99,12,56,30
272,48,86,66,30
273,68,20,42,74
274,89,7,72,17
275,71,70,41,13
276,9,41,43,97
277,21,54,38,90
278,38,32,65,72
279,4,25,94,98
280,97,92,84,74
281,35,9,54,88
282,76,47,5,49
283,69,40,25,19
284,10,3,35,4
285,62,91,93,88
286,36,3,47,89
287,31,75,7,75
288,35,64,47,76
289,27,76,27,71
290,45,9,81,52
291,29,96,20,52
292,29,84,66,40
293,49,8,34,60
294,41,84,21,68
295,99,51,51,21
296,46,43,19,44
297,47,35,29,2
298,25,34,40,25
299,17,97,34,86
300,53,69,48,93
301,60,84,78,71
302,11,29,36,84
303,96,27,89,44
304,3,3,51,2
305,18,33,67,69
306,42,67,8,30
307,77,35,26,63
308,7,57,6,49
309,10,14,22,45
310,56,22,37,28
311,29,22,77,74
312,86,85,89,89
313,98,79,90,67
314,22,79,19,90
315,80,61,64,4
316,3,63,31,61
317,91,35,10,36
318,26,40,16,37
319,29,13,51,83
320,65,28,60,31
321,87,55,18,59
322,29,30,73,28
323,70,48,15,41
324,91,15,56,20
325,56,10,73,96
326,0,33,32,16
327,19,0,90,63
328,11,71,40,56
329,98,20,67,29
330,61,55,76,76
331,46,30,93,18
332,87,29,62,38
333,38,94,20,33
334,37,38,49,95
335,82,78,75,49
336,44,50,75,50
337,72,59,10,34
338,92,88,25,3
339,52,37,27,90
340,43,45,33,75
341,96,54,0,70
342,21,58,32,47
343,51,84,0,29
344,81,22,27,11
345,93,59,9,33
346,13,80,33,47
347,8,66,32,74
348,4,3,26,73
349,20,6,43,18
350,11,5,4,1
351,79,55,20,43
352,57,88,96,49
353,71,0,25,41
354,32,85,31,17
355,10,85,9,84
356,1,94,68,23
357,43,96,38,53
358,19,3,10,14
359,83,36,62,83
360,42,90,99,95
361,40,65,68,72
362,86,80,86,54
363,65,78,70,10
364,44,23,34,29
365,50,39,65,91
366,7,91,12,61
367,34,76,10,40
368,21,54,29,84
369,56,55,95,84
370,95,67,14,18
371,45,56,22,64
372,37,31,82,10
373,87,49,50,59
374,5,45,91,85
375,83,57,89,95
376,72,22,8,15
377,5,73,94,4
378,46,66,33,57
379,85,81,96,64
380,97,31,80,18
381,75,58,49,63
382,6,89,81,89
383,98,38,75,10
384,46,76,19,76
385,41,73,92,58
386,39,27,54,7
387,54,73,56,89
388,49,12,53,64
389,76,47,87,75
390,23,97,84,68
391,16,24,77,69
392,67,42,93,71
393,64,42,20,42
394,46,95,92,57
395,11,78,76,45
396,57,96,0,49
397,80,85,36,10
398,60,3,6,81
399,46,32,11,67
400,37,40,68,2
401,7,35,18,41
402,84,54,55,39
403,12,31,44,13
404,44,61,96,4
405,10,9,11,14
406,56,80,38,49
407,75,67,36,73
408,42,44,84,49
409,99,47,56,38
410,32,53,77,47
411,68,14,11,2
412,44,79,65,98
413,26,64,6,72
414,32,96,79,26
415,15,50,65,94
416,90,90,90,90
417,49,74,19,58
418,25,62,19,19
419,93,55,46,82
420,75,96,47,96
421,12,51,7,65
422,1,80,75,13
423,12,68,75,0
424,44,98,65,5
425,30,53,76,76
426,27,73,20,84
427,48,31,52,10
428,12,8,96,4
429,79,94,28,92
430,28,77,0,89
431,32,15,6,8
432,50,35,44,20
433,63,85,17,87
434,62,99,76,71
435,84,98,35,99
436,60,72,78,0
437,37,94,78,37
438,48,38,20,31
439,95,64,59,10
440,36,38,65,22
441,2,90,83,16
442,4,82,9,47
443,39,71,81,68
444,17,59,94,64
445,85,32,88,1
446,67,43,91,85
447,55,2,47,32
448,39,46,39,44
449,1,25,7,4
450,33,37,83,81
451,16,0,45,13
452,63,87,57,24
453,58,98,77,84
454,90,74,87,80
455,92,10,18,37
456,43,15,36,84
457,57,21,0,68
458,95,93,55,20
459,64,15,26,9
460,82,26,7,68
461,85,64,95,67
462,85,26,6,66
463,18,60,4,77
464,97,62,2,99
465,46,63,31,29
466,31,82,32,98
467,41,0,84,24
468,81,72,8,50
469,75,93,13,88
470,79,62,95,92
471,61,11,36,0
472,86,49,85,92
473,95,46,18,58
474,49,45,69,97
475,0,77,59,97
476,57,68,16,72
477,38,89,91,27
478,32,90,10,42
479,31,83,83,75
480,94,54,73,22
481,30,76,54,7
482,40,25,11,16
483,88,7,90,46
484,6,58,44,47
485,4,22,49,79
486,47,64,31,5
487,94,1,41,29
488,67,1,15,32
489,5,22,46,82
490,94,33,39,90
491,61,13,12,57
492,29,40,24,65
493,99,90,7,36
494,61,35,77,62
495,40,84,36,90
496,57,31,43,20
497,67,62,30,44
498,25,32,6,46
499,24,53,22,5
500,64,49,90,38
501,63,17,95,36
502,70,31,42,78
503,76,46,43,95
504,9,6,89,80
505,40,43,41,28
506,0,18,25,87
507,13,79,53,89
508,52,86,99,94
509,47,25,52,56
510,11,74,38,99
511,46,49,91,94
512,68,43,87,98
513,19,75,84,22
514,28,59,24,70
515,43,99,83,42
516,88,64,16,99
517,32,93,78,48
518,84,54,5,46
519,94,92,2,71
520,22,50,26,60
521,38,23,71,57
522,29,8,89,39
523,79,8,95,26
524,90,16,13,92
525,33,22,35,75
526,32,42,86,66
527,82,27,78,66
528,29,12,91,37
529,43,52,64,18
530,37,7,97,55
531,49,16,99,2
532,2,78,47,59
533,71,54,52,47
534,81,12,86,29
535,37,1,85,38
536,20,70,24,58
537,91,78,20,63
538,31,51,10,31
539,24,52,79,80
540,69,65,89,88
541,75,5,12,78
542,60,91,28,0
543,10,12,84,6
544,59,75,61,46
545,51,8,70,67
546,85,65,66,21
547,85,59,77,14
548,95,87,60,13
549,54,56,12,30
550,31,87,32,50
551,40,1,63,95
552,36,31,75,12
553,75,67,5,18
554,7,6,87,70
555,99,42,34,19
556,52,36,39,32
557,5,78,2,44
558,78,65,98,96
559,13,29,66,56
560,60,6,34,47
561,9,58,72,67
562,34,92,8,86
563,71,61,99,88
564,77,23,42,64
565,10,41,30,31
566,23,65,6,9
567,5,53,20,46
568,4,84,41,38
569,73,96,9,70
570,6,54,93,39
571,17,31,70,77
572,70,86,27,39
573,72,57,80,10
574,49,38,51,14
575,63,67,14,7
576,80,85,52,82
577,56,13,31,47
578,31,96,78,2
579,88,29,91,29
580,17,36,38,93
581,42,67,35,55
582,6,33,36,83
583,3,46,30,57
584,24,1,70,97
585,30,50,9,47
586,35,53,82,50
587,76,42,54,50
588,77,67,90,82
589,18,13,99,71
590,93,92,71,13
591,93,65,12,15
592,63,60,70,61
593,23,58,81,17
594,94,27,23,30
595,4,53,64,21
596,65,75,90,46
597,98,18,12,82
598,0,68,12,14
599,6,90,71,91
600,51,95,0,71
601,14,95,91,17
602,38,37,38,91
603,5,78,77,53
604,1,93,75,79
605,40,45,6,49
606,33,43,65,71
607,43,82,87,18
608,51,37,73,99
609,30,64,53,92
610,94,83,25,69
611,34,52,92,72
612,46,31,60,11
613,77,32,13,74
614,59,64,75,69
615,62,82,97,39
616,66,24,17,47
617,72,91,67,57
618,21,40,66,85
619,71,97,0,62
620,27,92,55,76
621,92,65,97,48
622,24,20,69,41
623,83,35,56,22
624,60,54,93,58
625,28,44,82,42
626,91,28,39,28
627,30,59,98,34
628,64,59,90,99
629,8,5,74,2
630,44,4,80,21
631,63,6,17,79
632,12,91,58,6
633,5,19,68,25
634,13,36,71,60
635,39,27,92,99
636,83,60,76,28
637,77,92,57,62
638,45,57,80,30
639,29,48,31,31
640,16,92,29,20
641,10,68,48,92
642,77,69,5,39
643,35,63,87,48
644,21,39,19,2
645,2,38,1,42
646,59,88,47,7
647,75,0,37,62
648,30,32,21,11
649,41,16,88,63
650,58,24,11,29
651,49,86,89,53
652,26,86,11,76
653,12,95,32,40
654,14,26,8,85
655,86,34,47,63
656,65,6,70,73
657,48,45,65,28
658,91,24,93,13
659,21,62,40,94
660,54,4,26,9
661,7,94,25,55
662,0,43,82,32
663,78,71,47,31
664,36,9,99,57
665,39,95,30,90
666,26,89,38,77
667,45,13,34,66
668,38,27,68,54
669,42,9,84,12
670,58,53,66,66
671,35,51,53,85
672,84,88,34,79
673,95,87,28,45
674,14,5,45,1
675,14,78,17,61
676,50,9,35,89
677,49,78,61,61
678,91,13,78,55
679,13,92,91,89
680,2,84,18,51
681,68,68,82,10
682,96,77,37,48
683,20,53,45,0
684,90,9,57,86
685,34,74,88,60
686,55,69,53,19
687,60,78,39,37
688,47,52,42,11
689,90,2,51,62
690,10,99,8,59
691,63,46,15,32
692,49,77,82,65
693,7,39,21,21
694,82,80,74,85
695,62,22,57,69
696,45,58,57,82
697,76,9,96,28
698,33,40,67,97
699,79,12,57,80
700,4,53,73,41
701,84,18,27,39
702,9,36,93,18
703,64,82,32,75
704,14,76,35,53
705,93,31,0,65
706,54,82,34,57
707,44,15,61,45
708,87,91,52,1
709,4,89,11,1
710,69,90,86,66
711,59,33,95,95
712,48,93,91,13
713,7,70,21,22
714,1,95,97,9
715,18,48,90,48
716,63,29,17,28
717,80,86,13,74
718,10,38,26,38
719,19,82,32,97
720,73,60,16,51
721,78,78,21,20
722,86,56,86,20
723,22,34,71,15
724,25,71,31,85
725,12,3,15,95
726,71,33,48,60
727,61,84,44,65
728,5,29,90,48
729,49,33,43,34
730,42,73,58,22
731,43,37,89,14
732,62,0,70,56
733,0,69,90,48
734,47,17,7,32
735,10,62,95,58
736,40,2,91,96
737,65,5,6,55
738,42,73,80,80
739,41,2,35,5
740,88,62,64,20
741,8,66,14,19
742,62,22,44,74
743,63,55,1,89
744,89,38,75,94
745,81,20,34,88
746,23,22,34,54
747,76,43,77,60
748,96,81,66,32
749,68,88,40,35
750,60,40,66,2
751,44,36,28,34
752,55,70,76,5
753,89,6,53,98
754,48,43,42,62
755,67,94,25,71
756,45,29,30,71
757,62,20,19,5
758,4,4,95,85
759,26,72,92,89
760,59,23,62,54
761,8,31,31,75
762,32,91,20,89
763,90,55,56,48
764,58,67,3,34
765,67,10,52,62
766,22,80,50,32
767,29,75,37,9
768,41,1,45,76
769,18,22,80,91
770,70,29,49,11
771,7,94,60,29
772,75,9,59,92
773,58,8,96,91
774,93,69,98,21
775,78,0,58,8
776,65,6,28,38
777,76,60,45,52
778,78,35,39,73
779,2,46,97,89
780,95,49,14,28
781,68,14,18,12
782,48,54,63,31
783,22,38,56,42
784,13,75,26,14
785,58,71,24,30
786,84,94,2,54
787,90,14,52,79
788,91,47,69,51
789,9,17,36,45
790,56,11,13,11
791,33,50,85,0
792,57,2,76,4
793,23,50,82,74
794,3,82,83,28
795,91,70,46,19
796,20,17,65,13
797,16,73,30,41
798,66,70,52,80
799,78,7,13,23
800,90,58,39,17
801,50,45,63,74
802,0,80,68,12
803,17,39,5,93
804,52,74,72,46
805,85,13,56,94
806,19,72,44,62
807,28,52,85,47
808,16,48,3,92
809,83,45,1,56
810,57,32,64,96
811,70,34,86,32
812,0,42,34,92
813,96,87,89,63
814,30,53,51,89
815,19,39,47,23
816,13,84,91,95
817,98,3,15,35
818,82,14,70,96
819,6,78,72,26
820,32,55,99,72
821,55,5,52,40
822,29,6,0,83
823,52,60,24,80
824,47,78,81,45
825,71,9,53,54
826,60,70,13,69
827,52,14,49,48
828,47,51,6,58
829,48,94,77,20
830,89,14,95,25
831,27,39,38,68
832,80,89,34,27
833,73,83,85,87
834,45,47,35,42
835,22,18,1,79
836,6,30,52,26
837,84,60,84,68
838,20,50,42,82
839,90,91,14,16
840,97,76,27,46
841,47,70,77,69
842,54,37,60,45
843,67,2,77,50
844,94,55,92,37
845,42,58,86,11
846,73,95,42,6
847,92,29,3,5
848,60,18,15,44
849,88,12,96,75
850,77,73,74,95
851,14,84,64,34
852,77,46,96,69
853,52,16,13,45
854,6,21,14,63
855,54,67,68,24
856,6,40,15,20
857,22,0,88,46
858,50,41,37,33
859,35,21,83,7
860,13,23,12,4
861,17,32,42,16
862,7,57,46,21
863,19,10,10,31
864,87,38,96,19
865,98,98,81,45
866,92,3,98,28
867,44,84,60,54
868,88,43,68,90
869,48,0,1,13
870,92,52,10,61
871,76,32,6,58
872,73,80,0,31
873,66,16,62,84
874,31,46,94,54
875,24,97,46,29
876,61,90,87,40
877,43,15,47,89
878,69,52,93,91
879,41,19,3,16
880,51,41,16,80
881,47,72,94,76
882,53,48,36,26
883,12,20,65,81
884,76,97,92,10
885,33,2,39,97
886,52,37,79,25
887,11,31,8,3
888,86,25,8,62
889,54,28,3,23
890,41,58,21,97
891,34,49,37,29
892,15,79,76,40
893,83,35,52,29
894,22,97,4,87
895,44,94,93,61
896,58,87,69,86
897,46,57,87,86
898,40,80,10,79
899,44,41,38,65
900,66,72,28,27
901,13,65,54,38
902,66,57,18,47
903,21,92,86,90
904,39,48,76,52
905,43,10,64,53
906,53,80,55,76
907,63,79,10,60
908,37,62,17,62
909,21,20,46,47
910,54,32,37,90
911,58,14,52,65
912,86,4,16,38
913,46,44,53,16
914,16,67,14,66
915,0,74,31,7
916,4,48,54,65
917,86,33,25,20
918,53,35,91,82
919,76,60,44,64
920,47,53,67,58
921,93,32,36,63
922,28,97,3,52
923,16,84,44,1
924,85,38,34,91
925,80,16,93,98
926,48,23,27,2
927,26,14,46,73
928,8,24,98,39
929,35,54,89,94
930,1,0,33,83
931,50,24,10,68
932,59,34,52,82
933,67,47,90,58
934,67,39,80,55
935,26,81,72,6
936,78,4,1,97
937,32,43,85,68
938,73,52,84,33
939,39,51,99,58
940,4,94,51,89
941,13,69,78,59
942,85,27,23,69
943,80,27,74,67
944,46,43,69,55
945,20,12,90,73
946,73,26,36,19
947,91,92,25,51
948,27,76,40,70
949,36,42,52,8
950,22,75,3,7
951,56,4,88,68
952,72,75,40,74
953,7,66,25,71
954,74,74,25,10
955,3,75,33,78
956,69,97,7,33
957,94,23,26,53
958,31,18,52,34
959,54,13,36,10
960,59,43,71,51
961,21,98,8,25
962,74,82,13,79
963,23,81,12,29
964,84,34,56,94
965,9,95,70,49
966,69,64,53,35
967,21,91,67,67
968,69,3,4,34
969,71,71,62,48
970,15,13,45,64
971,30,31,90,58
972,76,7,13,2
973,43,96,32,45
974,17,78,77,59
975,29,84,62,27
976,0,93,54,16
977,77,40,27,7
978,7,3,1,53
979,94,35,16,82
980,28,76,24,40
981,68,7,70,90
982,81,22,5,49
983,27,29,36,99
984,75,23,76,25
985,99,92,46,30
986,36,26,68,57
987,99,23,48,3
988,33,29,26,85
989,51,82,61,64
990,78,82,67,54
991,81,73,49,89
992,15,41,65,94
993,86,92,17,27
994,77,15,87,71
995,77,69,16,32
996,78,64,75,16
997,14,23,78,42
998,29,90,8,62
999,17,71,70,88
1000,78,60,14,95