1000;10,20,30,40
ID,F,MT1,HW,MT2
1,14,32,71,81
2,35,1,35,56
3,5,57,92,35
4,28,91,10,0
5,30,41,12,65
6,57,72,74,7
7,44,0,96,67
8,6,22,34,74
9,64,19,46,34
10,99,80,34,94
11,47,67,77,52
12,30,85,20,72
13,3,75,8,40
14,45,9,73,51
15,92,93,65,51
16,89,92,16,0
17,21,70,88,53
18,1,18,20,7
19,25,82,17,35
20,19,51,18,67
21,64,81,23,79
22,99,98,82,20
23,65,1,19,54
24,2,43,20,70
25,64,49,8,24
26,79,43,17,58
27,40,56,69,20
28,73,84,94,25
29,9,98,31,36
30,20,48,71,48
31,45,87,17,14
32,1,6,8,77
33,5,60,93,44
34,45,44,96,52
35,68,96,16,17
36,97,96,90,89
37,5,78,91,33
38,18,27,14,22
39,37,84,18,15
40,66,25,29,92
41,91,99,76,71
42,8,69,64,82
43,66,50,76,98
44,37,10,72,78
45,53,95,18,47
46,99,26,74,71
47,12,51,69,5
48,58,53,0,82
49,18,52,62,61
50,40,2,64,45
51,38,26,86,81
52,93,37,92,74
53,52,5,96,59
54,78,4,29,56
55,90,70,51,64
56,41,17,32,68
57,35,39,81,61
58,1,53,19,92
59,75,18,93,57
60,7,49,80,4
61,30,41,69,62
62,38,40,84,26
63,89,23,92,87
64,18,94,92,74
65,15,73,0,56
66,25,42,22,65
67,73,26,24,72
68,95,46,37,59
69,8,63,18,91
70,21,68,58,51
71,79,86,91,99
72,75,56,30,47
73,8,78,95,43
74,87,26,7,63
75,27,14,75,64
76,88,2,15,79
77,38,92,16,60
78,10,75,0,42
79,96,41,46,63
80,97,24,71,68
81,81,37,59,91
82,57,55,21,64
83,91,29,77,12
84,23,0,7,47
85,37,99,42,34
86,21,20,64,94
87,76,65,0,51
88,58,50,48,97
89,45,77,38,1
90,35,8,18,35
91,6,81,78,96
92,4,48,26,59
93,35,27,54,81
94,65,55,86,96
95,61,33,16,61
96,91,36,12,18
97,37,11,85,19
98,13,32,36,85
99,91,20,34,47
100,87,77,33,98
101,81,62,93,95
102,55,94,95,77
103,82,79,12,37
104,91,72,64,9
105,28,97,77,89
106,11,11,93,41
107,62,60,74,6
108,78,57,11,9
109,22,30,70,41
110,71,27,15,1
111,91,8,4,94
112,49,5,74,76
113,15,74,46,33
114,25,45,74,20
115,81,0,33,69
116,77,10,40,30
117,45,54,9,15
118,14,3,25,86
119,31,1,8,36
120,28,90,32,22
121,97,1,14,20
122,98,21,73,89
123,75,76,43,42
124,99,55,59,89
125,52,24,97,27
126,73,8,21,64
127,3,18,21,46
128,87,56,77,67
129,51,78,79,89
130,81,71,22,87
131,22,10,75,42
132,62,70,2,56
133,38,26,14,39
134,52,14,4,59
135,71,40,69,36
136,99,83,60,40
137,44,97,26,64
138,70,81,13,52
139,38,39,83,75
140,3,4,90,12
141,20,98,63,2
142,38,79,85,8
143,2,32,3,38
144,14,76,41,45
145,63,46,59,29
146,6,35,67,90
147,86,7,99,27
148,30,86,25,99
149,68,58,48,53
150,48,33,2,48
151,36,21,28,35
152,86,84,6,74
153,26,17,27,43
154,24,18,73,12
155,90,42,57,7
156,23,58,2,75
157,94,85,70,3
158,75,44,29,52
159,96,13,79,65
160,2,87,63,28
161,43,62,26,35
162,72,37,33,76
163,11,51,33,1
164,40,85,24,45
165,99,59,32,18
166,51,68,44,1
167,58,84,16,64
168,32,88,27,30
169,24,21,48,24
170,74,49,28,44
171,20,27,89,41
172,4,27,47,64
173,15,22,26,16
174,35,25,17,50
175,43,37,56,61
176,10,80,78,13
177,85,39,41,52
178,34,62,88,50
179,64,4,39,54
180,84,22,73,38
181,75,80,4,10
182,92,88,99,44
183,31,94,16,81
184,46,96,90,71
185,10,68,53,47
186,37,54,76,35
187,11,84,90,22
188,76,27,81,79
189,58,58,51,18
190,50,48,26,97
191,53,90,62,16
192,57,46,48,37
193,48,29,0,17
194,54,56,95,66
195,26,77,93,82
196,39,46,90,72
197,92,86,27,8
198,79,76,63,74
199,3,51,15,62
200,23,23,53,47
201,70,86,3,9
202,17,20,7,75
203,93,43,93,8
204,62,29,55,89
205,10,39,60,64
206,64,59,9,77
207,80,30,10,37
208,18,83,10,72
209,31,54,26,59
210,84,34,1,26
211,78,20,19,15
212,45,48,33,58
213,92,32,71,67
214,88,6,73,87
215,82,18,51,10
216,95,64,57,13
217,18,91,79,63
218,61,9,37,20
219,2,91,5,28
220,96,83,97,67
221,93,33,48,34
222,23,59,69,99
223,25,52,58,34
224,5,45,43,66
225,56,3,52,1
226,72,88,5,36
227,50,69,7,55
228,85,3,67,85
229,24,18,96,71
230,16,76,94,43
231,9,9,77,97
232,27,26,23,72
233,81,68,71,6
234,68,39,8,72
235,67,28,15,53
236,48,94,91,40
237,22,92,69,58
238,6,66,45,32
239,93,57,89,68
240,97,49,86,27
241,35,63,65,3
242,45,38,86,24
243,86,92,46,87
244,69,94,71,36
245,74,19,18,75
246,18,63,84,72
247,82,9,50,8
248,71,93,44,47
249,10,63,54,17
250,2,86,15,36
251,97,37,42,16
252,42,39,18,60
253,5,65,88,74
254,58,26,83,53
255,61,54,1,43
256,36,94,15,82
257,55,61,14,70
258,92,35,76,51
259,81,67,20,92
260,31,29,49,90
261,8,6,92,53
262,39,39,79,96
263,39,62,6,51
264,77,84,3,31
265,82,76,77,18
266,18,71,77,64
267,47,17,97,46
268,20,43,64,2
269,32,10,25,92
270,32,37,67,15
271,35,78,32,8
272,61,47,87,96
273,73,98,63,12
274,11,6,1,53
275,89,16,11,90
276,10,57,8,99
277,8,55,60,85
278,4,35,3,30
279,13,77,45,28
280,91,38,68,39
281,2,94,17,73
282,93,12,24,11
283,31,61,69,7
284,97,74,82,99
285,12,57,38,87
286,85,78,18,72
287,44,69,33,13
288,67,38,94,33
289,74,92,90,9
290,2,56,59,66
291,69,81,89,85
292,89,3,99,25
293,59,87,55,71
294,93,95,43,20
295,60,83,10,89
296,3,47,54,98
297,80,21,82,15
298,11,70,31,81
299,38,81,26,38
300,12,3,21,6
301,57,41,99,30
302,94,38,43,18
303,12,66,23,65
304,53,99,36,97
305,8,70,58,11
306,24,35,30,74
307,88,29,88,75
308,15,50,74,60
309,62,99,57,23
310,52,33,66,58
311,36,43,45,67
312,57,24,67,4
313,48,98,8,86
314,66,36,89,4
315,61,42,84,81
316,53,15,38,23
317,67,59,16,4
318,75,95,51,37
319,37,92,67,41
320,32,50,94,9
321,41,17,80,98
322,0,54,45,96
323,45,34,24,29
324,96,8,11,90
325,85,99,98,8
326,56,56,22,66
327,95,40,32,24
328,78,98,23,20
329,72,12,78,34
330,85,11,58,90
331,49,29,68,40
332,79,23,62,34
333,77,58,0,94
334,52,28,21,86
335,19,19,20,90
336,78,71,93,68
337,35,25,39,78
338,61,55,93,10
339,2,51,8,57
340,10,42,4,86
341,49,0,87,86
342,94,56,74,36
343,57,63,5,23
344,2,13,18,78
345,52,84,19,25
346,43,88,35,72
347,33,52,52,19
348,74,20,44,65
349,96,58,46,37
350,23,19,98,2
351,98,22,36,15
352,57,8,29,65
353,20,61,59,30
354,14,0,52,67
355,5,12,40,2
356,6,44,44,52
357,19,70,18,26
358,24,80,54,75
359,93,12,29,25
360,22,9,91,35
361,86,1,60,50
362,89,16,85,40
363,23,41,60,96
364,23,27,18,71
365,69,41,96,20
366,13,51,0,1
367,64,89,59,85
368,40,97,91,79
369,57,37,18,22
370,8,27,35,74
371,93,83,5,54
372,41,42,85,2
373,65,35,54,7
374,4,69,13,71
375,51,10,47,16
376,0,81,26,51
377,8,94,83,59
378,73,70,92,86
379,61,30,22,94
380,32,53,17,49
381,95,8,17,23
382,27,31,99,55
383,30,76,89,46
384,19,49,97,6
385,56,41,17,23
386,65,78,0,2
387,90,7,27,42
388,46,26,44,47
389,21,56,78,92
390,77,98,98,43
391,1,84,61,81
392,19,7,97,18
393,76,33,45,37
394,58,9,54,46
395,86,72,53,2
396,23,7,22,14
397,44,98,1,9
398,16,67,49,7
399,94,7,58,91
400,79,76,7,98
401,81,94,39,13
402,90,20,2,93
403,56,45,7,49
404,96,55,86,13
405,10,87,80,49
406,90,92,72,18
407,73,53,57,32
408,46,37,19,66
409,82,27,17,21
410,36,86,44,63
411,82,7,69,70
412,8,83,6,0
413,84,25,95,4
414,71,18,80,95
415,59,27,82,26
416,37,50,85,68
417,44,56,2,35
418,63,96,2,23
419,6,89,3,87
420,14,73,43,76
421,64,53,90,91
422,89,62,87,57
423,65,10,43,57
424,44,37,17,15
425,77,80,52,0
426,84,53,21,69
427,15,39,52,60
428,38,79,84,46
429,4,22,84,96
430,9,5,55,27
431,77,46,3,14
432,37,19,68,70
433,79,0,61,20
434,16,78,61,50
435,19,21,36,38
436,60,83,1,16
437,17,31,49,49
438,20,49,63,82
439,79,75,2,8
440,86,32,4,95
441,78,31,99,16
442,93,31,27,1
443,74,82,80,61
444,42,34,93,95
445,80,73,39,18
446,13,66,37,68
447,37,52,23,56
448,81,40,81,81
449,62,14,53,85
450,81,93,83,87
451,28,75,44,86
452,68,12,81,62
453,80,68,87,96
454,1,79,98,12
455,34,95,23,97
456,15,56,35,91
457,64,72,7,49
458,98,24,38,55
459,17,83,46,79
460,45,45,43,8
461,34,29,82,2
462,15,85,70,64
463,9,61,30,47
464,16,27,57,45
465,19,0,46,34
466,19,49,41,44
467,23,20,7,88
468,82,90,37,74
469,85,49,90,18
470,0,42,11,26
471,86,4,18,40
472,44,72,0,67
473,29,21,71,80
474,44,3,51,96
475,19,81,47,5
476,24,98,29,35
477,89,20,31,60
478,17,28,33,24
479,52,92,76,82
480,7,22,29,82
481,58,80,90,72
482,7,80,35,82
483,35,20,75,75
484,61,74,81,45
485,90,69,8,89
486,13,54,1,24
487,40,85,14,97
488,1,48,35,67
489,23,13,55,98
490,25,92,39,27
491,69,93,52,72
492,44,15,7,98
493,9,72,32,25
494,10,33,79,50
495,19,61,66,65
496,16,32,42,8
497,26,23,34,20
498,5,11,28,38
499,86,91,98,21
500,9,70,68,53
501,21,78,16,90
502,8,70,77,3
503,50,76,14,47
504,48,4,2,51
505,89,54,87,75
506,68,96,53,38
507,19,92,6,64
508,56,69,96,66
509,38,33,50,13
510,69,3,10,50
511,88,71,81,30
512,58,37,94,10
513,45,24,68,96
514,9,85,35,31
515,42,86,73,76
516,43,42,1,1
517,3,79,18,43
518,42,30,20,97
519,89,97,89,92
520,4,5,5,81
521,18,73,24,33
522,41,72,97,85
523,57,27,37,41
524,83,38,45,93
525,6,31,58,92
526,16,94,93,54
527,69,20,48,48
528,17,65,87,63
529,33,99,67,53
530,98,20,42,91
531,55,76,62,39
532,75,47,5,83
533,94,92,45,95
534,54,55,18,22
535,81,60,99,7
536,77,73,13,97
537,4,61,25,5
538,91,13,47,53
539,53,87,56,66
540,24,80,94,8
541,39,64,59,12
542,15,30,7,90
543,60,30,35,36
544,34,80,84,4
545,88,12,48,79
546,40,33,52,72
547,57,84,76,76
548,91,39,48,29
549,20,24,1,83
550,43,49,38,94
551,15,11,93,13
552,38,52,14,44
553,79,28,30,51
554,94,83,81,95
555,22,77,23,22
556,72,61,19,62
557,79,92,57,0
558,94,96,32,31
559,74,93,52,27
560,22,43,33,44
561,9,28,31,36
562,85,8,12,15
563,55,70,92,82
564,59,16,60,42
565,47,56,70,4
566,4,27,35,49
567,15,36,75,14
568,69,42,45,64
569,11,76,41,36
570,32,13,87,44
571,37,90,53,60
572,23,78,63,5
573,49,34,76,90
574,4,0,7,91
575,52,53,0,66
576,5,4,63,24
577,66,55,79,5
578,77,88,65,67
579,49,4,21,86
580,15,66,16,45
581,31,0,41,32
582,6,9,90,81
583,75,90,74,38
584,92,86,88,56
585,48,68,40,58
586,49,20,26,17
587,7,66,93,60
588,41,35,76,88
589,23,18,95,0
590,46,5,20,17
591,46,30,64,7
592,68,74,5,6
593,22,17,64,12
594,64,15,63,64
595,1,30,87,3
596,82,15,89,68
597,90,52,7,22
598,62,66,84,91
599,79,70,73,56
600,71,49,10,86
601,80,88,46,38
602,91,8,10,75
603,27,39,54,8
604,63,47,94,4
605,28,52,29,91
606,9,96,89,39
607,79,67,43,77
608,36,66,51,23
609,1,61,47,1
610,24,53,6,18
611,95,65,86,0
612,46,79,82,65
613,59,85,22,76
614,79,42,56,81
615,18,15,11,28
616,18,30,2,4
617,68,68,81,2
618,34,72,43,27
619,3,6,91,21
620,9,81,19,3
621,95,2,19,57
622,21,9,55,41
623,30,45,82,80
624,15,80,37,41
625,18,14,21,66
626,95,80,59,93
627,94,77,92,66
628,21,60,76,10
629,23,59,18,56
630,14,64,6,70
631,31,20,53,31
632,57,94,38,64
633,12,85,97,55
634,29,33,52,14
635,74,46,35,39
636,38,10,99,71
637,9,50,11,82
638,54,95,1,49
639,22,5,89,27
640,84,42,5,87
641,38,26,17,30
642,96,78,82,88
643,30,49,42,54
644,71,91,99,89
645,30,71,82,89
646,9,12,20,17
647,61,51,45,97
648,62,64,96,69
649,63,98,14,88
650,17,57,87,27
651,36,3,7,25
652,54,25,0,72
653,52,16,37,90
654,24,44,13,31
655,79,92,50,23
656,86,14,31,74
657,85,97,20,98
658,2,54,63,52
659,31,64,53,44
660,17,36,5,62
661,64,62,83,53
662,28,19,63,66
663,25,47,26,82
664,54,4,75,53
665,27,20,37,23
666,73,89,8,81
667,4,72,64,55
668,79,80,97,95
669,4,49,87,33
670,19,11,56,33
671,95,7,55,40
672,24,91,72,3
673,22,30,6,21
674,43,37,5,64
675,34,95,23,8
676,56,38,34,23
677,54,63,75,76
678,99,48,57,78
679,98,83,74,59
680,37,94,67,44
681,23,42,98,85
682,47,3,57,97
683,61,87,30,86
684,60,92,91,2
685,38,89,71,30
686,82,9,5,13
687,79,60,39,35
688,77,71,34,72
689,96,97,40,75
690,76,0,41,81
691,13,61,85,11
692,71,85,95,6
693,15,84,83,74
694,17,92,21,24
695,72,64,95,18
696,38,11,12,74
697,13,63,20,80
698,3,41,37,22
699,17,34,57,16
700,2,42,66,16
701,68,46,57,1
702,99,96,2,29
703,19,46,79,68
704,36,99,32,42
705,13,76,13,51
706,70,84,27,85
707,10,47,70,27
708,9,23,12,42
709,12,43,81,68
710,80,52,68,66
711,16,83,73,42
712,29,92,98,19
713,42,6,88,56
714,68,3,13,73
715,29,80,73,79
716,88,57,53,3
717,37,2,48,73
718,11,40,9,92
719,8,50,20,66
720,36,71,39,86
721,17,33,3,23
722,66,12,8,19
723,5,30,3,5
724,71,36,42,93
725,65,17,47,26
726,24,56,92,88
727,83,72,45,38
728,10,34,32,25
729,50,5,36,76
730,9,99,81,75
731,12,0,99,22
732,5,4,41,17
733,98,42,9,76
734,96,64,14,3
735,78,73,74,94
736,21,57,63,36
737,24,59,24,82
738,37,53,46,39
739,90,42,79,80
740,54,23,61,64
741,49,31,55,40
742,11,58,90,29
743,51,80,12,10
744,68,14,68,40
745,69,8,23,3
746,12,95,18,23
747,70,49,58,0
748,54,85,5,51
749,19,66,21,48
750,29,32,79,54
751,42,89,54,34
752,85,28,84,81
753,59,51,10,6
754,91,42,81,63
755,50,84,95,83
756,4,85,46,79
757,25,88,39,81
758,73,69,38,69
759,94,86,87,7
760,90,37,25,89
761,12,54,5,71
762,86,33,27,15
763,46,11,80,96
764,76,91,88,13
765,24,22,52,53
766,86,81,11,0
767,88,40,55,23
768,0,17,26,68
769,92,33,30,17
770,82,67,51,63
771,4,24,89,47
772,74,67,16,58
773,58,38,0,75
774,16,6,2,33
775,3,90,78,32
776,32,57,48,91
777,44,59,91,17
778,1,42,10,24
779,5,6,90,10
780,63,59,91,96
781,7,23,49,98
782,53,89,39,31
783,23,64,69,94
784,9,63,9,36
785,49,70,72,51
786,85,0,56,38
787,40,73,99,29
788,89,36,73,84
789,39,73,69,3
790,18,3,60,35
791,75,96,26,75
792,58,50,39,6
793,56,68,60,98
794,68,12,59,78
795,91,17,8,47
796,78,34,52,6
797,83,48,39,17
798,27,77,67,53
799,51,31,6,15
800,97,0,59,26
801,86,3,93,59
802,99,27,57,57
803,73,13,51,44
804,73,5,89,76
805,16,8,52,62
806,8,91,80,27
807,82,20,18,99
808,59,15,2,66
809,39,71,54,81
810,75,44,76,22
811,17,51,27,87
812,60,10,57,58
813,90,67,87,75
814,74,20,29,26
815,24,68,53,13
816,52,89,38,17
817,83,96,90,87
818,13,66,95,81
819,74,6,32,50
820,12,69,65,17
821,98,0,90,25
822,56,36,44,64
823,37,92,75,37
824,13,72,17,87
825,37,95,73,26
826,53,56,16,11
827,33,6,90,83
828,32,21,80,8
829,66,20,78,47
830,34,67,3,25
831,30,50,39,50
832,66,44,31,59
833,99,75,9,33
834,85,12,40,47
835,22,40,76,67
836,3,0,69,1
837,70,3,43,29
838,50,80,87,21
839,58,33,34,13
840,90,30,61,95
841,94,78,15,70
842,22,32,21,66
843,63,59,91,32
844,19,49,11,45
845,17,76,45,15
846,16,23,70,95
847,83,28,55,88
848,47,68,72,92
849,53,53,59,22
850,83,6,70,86
851,9,43,21,24
852,18,18,29,27
853,82,93,75,61
854,35,22,16,52
855,80,63,96,21
856,93,10,35,10
857,79,82,97,31
858,18,52,44,3
859,97,81,12,26
860,49,73,13,39
861,44,52,6,47
862,36,81,28,81
863,49,16,63,77
864,60,90,93,46
865,70,53,67,76
866,68,11,71,10
867,26,97,21,83
868,4,14,13,72
869,97,97,86,90
870,79,56,48,8
871,91,16,0,24
872,8,63,40,24
873,2,34,85,19
874,71,61,54,22
875,51,95,62,66
876,96,48,69,47
877,98,94,17,83
878,86,81,91,92
879,71,48,6,47
880,27,5,47,81
881,95,89,58,90
882,98,58,95,4
883,31,83,92,56
884,48,88,14,36
885,17,63,24,40
886,46,83,75,17
887,76,38,92,58
888,45,41,63,82
889,24,97,91,12
890,72,15,6,32
891,15,13,24,28
892,43,33,69,54
893,25,80,42,57
894,11,87,20,20
895,19,53,0,80
896,4,71,34,8
897,48,78,93,65
898,29,53,92,77
899,96,38,23,32
900,42,20,57,13
901,58,77,74,72
902,60,97,12,60
903,74,8,74,15
904,2,86,36,15
905,57,81,98,87
906,7,44,56,1
907,69,45,4,99
908,39,71,58,46
909,28,37,65,78
910,94,18,7,3
911,49,36,81,98
912,12,10,67,92
913,50,19,12,3
914,81,98,27,57
915,52,71,72,2
916,10,36,22,29
917,73,86,94,90
918,52,84,14,54
919,45,55,98,0
920,81,59,56,88
921,55,87,29,37
922,99,41,86,95
923,57,93,93,3
924,12,68,49,12
925,33,96,32,34
926,5,98,85,25
927,14,36,68,82
928,47,33,9,94
929,69,51,47,72
930,2,31,77,24
931,67,75,67,19
932,49,54,54,68
933,39,42,96,91
934,6,93,54,84
935,57,5,57,97
936,92,87,38,85
937,38,1,37,73
938,44,88,43,27
939,70,85,57,92
940,14,75,2,43
941,69,35,85,63
942,31,50,6,0
943,99,70,60,57
944,7,42,9,86
945,62,77,37,42
946,64,68,31,90
947,92,16,93,73
948,27,82,15,47
949,77,83,80,92
950,90,64,66,54
951,40,30,49,34
952,80,71,32,45
953,91,52,16,24
954,37,9,98,21
955,20,25,63,46
956,60,44,36,67
957,37,65,34,37
958,0,94,95,27
959,9,17,21,42
960,65,57,70,84
961,8,15,68,6
962,49,15,59,29
963,59,59,43,98
964,74,8,43,22
965,42,8,43,78
966,49,99,84,41
967,78,72,31,60
968,20,96,29,30
969,11,58,22,14
970,30,54,20,30
971,41,65,85,62
972,89,87,69,41
973,56,37,91,29
974,83,18,63,70
975,69,34,65,55
976,9,80,82,19
977,12,22,48,91
978,82,27,75,73
979,92,36,11,30
980,11,16,66,43
981,44,21,9,48
982,63,94,63,40
983,68,82,5,73
984,45,83,31,54
985,56,98,99,72
986,30,62,2,55
987,79,22,7,38
988,24,15,73,25
989,7,77,93,34
990,93,53,2,31
991,63,62,82,33
992,44,74,15,81
993,13,36,62,88
994,25,49,60,30
995,29,64,62,40
996,27,80,7,66
997,49,77,75,55
998,73,34,94,22
999,29,37,72,22
1000,39,68,5,86