1000;10,20,30,40
ID,MT1,F,HW,MT2
1,46,77,75,3
2,18,73,25,34
3,52,87,57,29
4,27,16,83,41
5,84,11,24,49
6,75,26,85,56
7,66,78,35,43
8,89,11,73,89
9,38,57,52,6
10,60,57,94,41
11,77,55,89,11
12,85,40,0,23
13,96,90,62,90
14,3,56,47,68
15,49,46,69,81
16,59,54,55,17
17,47,6,24,33
18,41,11,33,34
19,23,0,37,98
20,89,83,65,83
21,81,21,22,51
22,5,24,29,5
23,30,79,75,76
24,49,18,3,61
25,96,1,93,4
26,36,54,21,38
27,23,2,2,76
28,80,76,92,53
29,11,10,96,13
30,16,62,60,28
31,99,18,2,99
32,62,58,7,16
33,80,80,98,51
34,69,82,51,37
35,73,39,88,67
36,51,8,60,2
37,82,91,96,0
38,42,21,3,12
39,62,61,68,11
40,13,42,91,36
41,3,26,95,33
42,74,71,20,21
43,79,71,11,95
44,65,4,5,32
45,68,45,27,86
46,81,71,41,32
47,83,90,19,34
48,82,20,66,41
49,13,4,27,42
50,46,0,50,74
51,61,46,79,90
52,11,81,75,7
53,2,72,86,47
54,99,92,79,26
55,2,15,61,62
56,95,99,55,77
57,69,91,61,8
58,90,73,64,92
59,67,16,0,41
60,25,69,34,99
61,23,28,87,89
62,33,3,26,34
63,7,3,25,26
64,21,52,65,42
65,94,2,92,48
66,18,42,77,56
67,37,31,7,55
68,41,6,78,44
69,52,44,68,69
70,39,77,65,79
71,55,10,23,21
72,13,15,76,94
73,33,23,11,69
74,3,46,31,34
75,10,57,16,36
76,77,24,76,1
77,56,98,31,63
78,64,89,38,36
79,78,46,71,53
80,13,65,68,87
81,48,46,95,14
82,4,90,28,44
83,25,8,3,69
84,2,26,86,97
85,65,36,91,34
86,83,23,25,44
87,16,35,54,12
88,28,38,66,83
89,58,10,25,33
90,5,42,27,59
91,64,85,92,55
92,50,6,88,29
93,53,44,36,51
94,91,19,55,45
95,99,86,19,59
96,34,93,84,76
97,87,66,29,86
98,38,53,76,46
99,79,49,77,62
100,14,5,53,80
101,25,41,19,83
102,81,58,47,87
103,53,28,72,98
104,60,2,24,33
105,45,2,46,24
106,16,39,14,18
107,49,98,5,89
108,88,84,31,74
109,85,3,62,92
110,84,91,19,68
111,6,57,51,79
112,43,43,85,65
113,95,3,70,18
114,11,54,64,90
115,7,57,35,80
116,78,87,30,84
117,30,65,74,57
118,83,60,43,51
119,43,1,31,51
120,58,15,15,42
121,69,99,84,19
122,82,25,5,98
123,67,58,17,61
124,7,25,75,44
125,90,22,85,55
126,65,41,14,0
127,36,32,4,95
128,26,41,45,88
129,35,15,91,34
130,62,67,25,56
131,30,35,2,47
132,78,24,83,72
133,22,0,15,55
134,22,87,86,1
135,99,54,98,88
136,97,3,62,18
137,7,62,60,99
138,51,2,71,38
139,24,43,8,38
140,94,55,39,10
141,19,47,16,62
142,21,9,41,91
143,27,13,68,1
144,47,59,34,80
145,20,65,81,45
146,57,34,28,17
147,82,67,16,66
148,1,8,28,61
149,1,17,63,37
150,39,13,15,12
151,89,64,16,80
152,21,63,62,20
153,34,73,71,99
154,39,85,23,20
155,1,4,74,83
156,16,37,79,33
157,37,22,90,91
158,86,93,42,25
159,40,93,68,40
160,85,24,67,26
161,99,54,0,12
162,18,31,41,34
163,72,20,80,81
164,63,45,86,61
165,43,99,28,66
166,21,67,24,21
167,99,80,76,71
168,53,67,3,19
169,68,53,37,97
170,72,15,12,50
171,92,49,80,12
172,95,62,19,64
173,52,59,56,21
174,63,52,5,54
175,69,66,83,54
176,36,25,7,30
177,89,12,74,44
178,35,36,3,51
179,89,89,71,95
180,64,41,60,50
181,48,69,4,16
182,64,58,46,0
183,35,60,52,98
184,84,13,91,14
185,45,17,24,25
186,31,22,75,70
187,35,56,14,20
188,74,22,70,36
189,90,60,27,63
190,79,35,12,38
191,38,30,41,2
192,6,82,84,28
193,33,52,14,65
194,19,88,70,78
195,47,85,87,2
196,27,15,21,99
197,92,97,83,48
198,55,86,97,62
199,82,80,55,19
200,1,76,95,52
201,33,40,96,33
202,52,12,58,50
203,2,93,85,82
204,9,2,54,92
205,92,57,75,80
206,11,41,94,51
207,3,59,78,22
208,73,0,4,77
209,16,98,28,59
210,20,47,42,61
211,19,92,32,90
212,92,97,91,47
213,76,3,39,62
214,55,73,90,54
215,62,28,16,84
216,78,92,86,21
217,24,47,72,28
218,55,12,4,0
219,19,3,62,49
220,25,56,92,34
221,30,96,56,6
222,44,24,20,21
223,51,26,92,28
224,22,42,18,93
225,8,87,0,68
226,63,3,21,30
227,54,33,29,4
228,22,31,5,35
229,80,55,78,31
230,81,91,10,60
231,75,47,4,60
232,45,37,41,33
233,6,33,71,26
234,41,20,61,60
235,90,14,58,98
236,92,75,21,39
237,61,98,56,75
238,74,28,26,5
239,21,38,3,40
240,46,1,55,99
241,73,82,44,75
242,49,12,63,20
243,86,79,10,78
244,54,22,69,25
245,87,48,31,99
246,16,63,39,26
247,23,31,61,52
248,47,87,36,49
249,61,13,99,92
250,66,1,43,11
251,95,75,6,85
252,41,16,91,76
253,48,15,16,41
254,62,44,85,6
255,94,0,96,49
256,27,96,32,18
257,34,30,73,64
258,33,53,76,23
259,14,85,83,80
260,29,39,9,87
261,49,16,32,87
262,28,28,41,33
263,88,23,69,15
264,19,6,42,56
265,43,45,20,54
266,8,40,45,16
267,40,22,83,9
268,13,32,39,75
269,72,67,38,83
270,14,5,99,41
271,33,58,67,59
272,6,88,35,19
273,36,30,75,30
274,91,62,42,87
275,25,27,3,87
276,24,73,14,15
277,4,39,62,36
278,93,53,84,45
279,39,16,97,70
280,77,84,54,86
281,29,43,75,34
282,27,37,79,6
283,41,12,25,28
284,87,7,86,97
285,18,43,80,80
286,53,19,36,87
287,32,8,49,20
288,51,71,42,22
289,42,39,52,2
290,23,57,23,24
291,42,79,7,38
292,67,31,19,4
293,32,27,35,90
294,88,19,32,71
295,82,97,65,91
296,92,92,56,83
297,55,12,19,77
298,49,33,7,84
299,47,34,24,15
300,75,85,94,43
301,4,20,24,91
302,75,69,12,37
303,73,79,43,93
304,15,21,67,46
305,16,59,73,85
306,75,28,98,60
307,0,74,48,62
308,30,13,66,73
309,35,9,59,14
310,18,89,77,72
311,45,63,58,49
312,41,86,40,86
313,34,17,78,81
314,56,87,21,86
315,52,8,57,82
316,85,48,83,96
317,84,26,32,18
318,20,80,49,24
319,39,17,27,33
320,33,7,12,42
321,33,89,31,74
322,6,9,37,66
323,72,84,15,20
324,40,59,43,96
325,62,88,57,59
326,56,82,24,64
327,78,71,58,87
328,83,90,51,34
329,19,11,29,26
330,14,91,35,0
331,80,6,56,28
332,49,37,48,73
333,4,79,3,60
334,22,91,4,12
335,66,19,8,58
336,78,17,31,22
337,16,21,5,8
338,36,4,62,8
339,95,37,57,76
340,17,32,29,3
341,4,78,25,8
342,40,56,95,14
343,91,34,25,21
344,46,27,93,11
345,41,23,41,35
346,88,49,38,82
347,6,38,42,86
348,68,99,22,82
349,31,34,74,5
350,9,9,63,97
351,17,51,49,58
352,25,16,76,12
353,97,50,17,4
354,52,59,20,8
355,96,8,80,57
356,91,74,66,67
357,65,25,40,75
358,53,67,17,92
359,68,50,33,28
360,37,12,78,53
361,73,44,45,50
362,89,61,79,28
363,65,4,6,41
364,29,82,58,64
365,4,13,35,43
366,4,5,86,88
367,24,92,9,85
368,97,12,22,61
369,36,69,32,1
370,74,67,4,68
371,2,79,1,41
372,90,47,58,36
373,7,93,43,28
374,36,95,13,59
375,46,3,95,43
376,66,38,31,1
377,45,44,66,82
378,52,30,39,12
379,79,66,97,74
380,62,11,6,99
381,9,38,36,54
382,4,2,56,75
383,88,33,46,27
384,24,46,39,27
385,45,92,0,96
386,9,9,19,30
387,33,33,7,25
388,71,9,70,13
389,58,50,92,57
390,79,58,21,65
391,8,26,95,18
392,42,13,55,49
393,14,16,40,11
394,38,30,72,58
395,2,42,61,4
396,3,7,68,89
397,16,15,70,69
398,72,68,38,55
399,5,94,91,73
400,28,79,38,25
401,85,13,85,3
402,22,40,89,98
403,93,14,36,67
404,91,10,2,90
405,3,24,49,73
406,66,25,54,88
407,49,9,75,89
408,81,35,25,44
409,92,71,51,3
410,9,36,65,10
411,91,16,86,25
412,18,72,86,22
413,82,31,63,89
414,75,78,95,58
415,64,46,41,55
416,19,28,36,48
417,42,86,1,60
418,82,71,29,9
419,3,29,0,45
420,91,1,53,23
421,76,23,56,86
422,83,81,57,84
423,59,92,26,41
424,26,80,24,98
425,99,24,31,74
426,50,6,22,65
427,75,54,70,47
428,57,99,30,34
429,26,74,60,83
430,61,36,73,0
431,78,14,8,96
432,45,26,25,42
433,43,44,62,86
434,14,67,5,67
435,97,5,55,42
436,11,17,24,34
437,84,53,82,49
438,64,13,73,83
439,9,69,22,37
440,91,83,96,7
441,47,28,23,22
442,51,64,45,31
443,20,34,32,41
444,77,53,32,22
445,78,71,24,69
446,18,12,2,72
447,37,34,12,43
448,57,71,74,5
449,90,91,76,47
450,18,6,96,33
451,83,40,31,8
452,39,39,9,0
453,4,85,84,44
454,61,5,8,88
455,73,87,50,55
456,93,7,68,95
457,42,12,42,4
458,27,18,34,83
459,41,92,29,68
460,55,96,5,30
461,87,91,9,47
462,42,46,19,31
463,65,61,90,24
464,29,48,80,49
465,13,16,64,29
466,76,57,69,67
467,69,40,48,15
468,69,9,44,19
469,84,56,87,74
470,67,31,5,4
471,79,1,27,8
472,78,5,57,11
473,73,87,59,24
474,27,43,75,46
475,26,84,70,6
476,3,35,23,90
477,20,14,57,63
478,88,65,52,72
479,48,92,9,72
480,32,92,8,94
481,69,14,60,77
482,28,92,51,65
483,68,73,4,3
484,52,58,28,37
485,91,94,74,2
486,39,77,1,99
487,73,62,13,9
488,55,9,0,25
489,74,31,14,62
490,46,54,85,3
491,73,47,50,78
492,34,44,79,56
493,69,29,99,57
494,95,82,20,38
495,45,78,0,71
496,59,36,36,88
497,50,73,53,47
498,65,22,68,81
499,21,0,13,51
500,79,36,6,71
501,21,82,34,27
502,92,18,14,64
503,45,98,51,94
504,64,4,9,5
505,21,76,47,36
506,43,32,94,49
507,30,70,32,27
508,19,63,42,96
509,6,69,95,28
510,92,68,20,60
511,16,40,6,87
512,37,69,24,43
513,64,36,49,14
514,83,32,39,48
515,12,97,58,57
516,47,95,96,50
517,23,81,34,58
518,7,17,60,93
519,71,50,70,58
520,75,24,60,63
521,95,55,86,30
522,24,78,8,49
523,99,68,3,78
524,12,46,93,26
525,10,43,62,24
526,52,53,76,52
527,66,29,18,62
528,85,90,29,22
529,39,43,11,17
530,71,7,75,66
531,80,38,90,55
532,93,17,77,28
533,61,57,47,22
534,41,68,76,27
535,87,62,40,80
536,33,45,76,77
537,61,46,95,24
538,92,36,15,14
539,76,64,67,48
540,89,82,5,83
541,15,29,36,29
542,55,16,22,63
543,10,78,98,11
544,53,80,20,42
545,44,28,72,10
546,47,31,57,67
547,13,98,26,13
548,36,99,61,5
549,39,7,16,27
550,54,41,19,43
551,67,19,37,26
552,80,14,11,0
553,40,27,83,4
554,34,7,72,45
555,70,57,10,17
556,31,21,17,88
557,86,89,17,17
558,88,44,20,97
559,14,20,18,73
560,25,55,65,39
561,85,60,50,7
562,42,80,38,42
563,61,12,3,28
564,94,41,34,18
565,26,60,67,69
566,95,26,47,76
567,16,21,42,36
568,15,86,53,53
569,18,45,63,20
570,54,72,24,70
571,6,54,39,29
572,23,60,47,71
573,90,74,48,12
574,87,71,73,46
575,81,26,47,20
576,95,68,57,3
577,57,54,41,38
578,82,11,87,15
579,8,68,70,28
580,73,26,52,50
581,0,96,13,71
582,66,32,63,4
583,72,20,29,80
584,77,64,42,51
585,1,91,93,64
586,64,94,2,22
587,89,77,14,52
588,71,14,44,73
589,65,62,69,5
590,51,73,96,16
591,39,45,77,26
592,5,6,20,37
593,99,83,78,56
594,74,97,53,67
595,8,8,50,32
596,26,79,77,43
597,33,9,93,33
598,54,98,15,95
599,27,37,15,98
600,13,40,14,5
601,76,90,96,17
602,79,8,65,76
603,41,92,90,25
604,31,47,14,82
605,41,25,45,86
606,73,69,7,26
607,48,19,6,25
608,16,50,24,1
609,18,1,77,78
610,59,46,74,75
611,57,42,95,99
612,79,37,92,70
613,43,68,2,75
614,96,90,56,40
615,78,40,41,1
616,79,63,94,55
617,65,46,99,98
618,56,93,64,27
619,25,99,19,1
620,97,18,70,97
621,72,49,74,58
622,99,69,77,53
623,89,85,44,42
624,1,86,71,65
625,70,70,67,26
626,5,3,57,28
627,74,45,18,70
628,10,43,67,38
629,46,78,57,83
630,6,16,73,76
631,73,4,29,90
632,60,1,79,78
633,49,34,71,69
634,13,95,60,28
635,36,60,4,40
636,64,10,53,70
637,69,89,69,8
638,26,23,2,57
639,13,59,24,27
640,18,67,18,23
641,17,69,12,74
642,96,94,48,65
643,0,25,16,52
644,15,80,40,63
645,62,27,1,50
646,22,56,87,21
647,64,25,6,5
648,31,62,73,58
649,6,66,61,40
650,99,40,46,31
651,90,19,55,85
652,86,57,83,46
653,29,56,39,96
654,14,52,90,9
655,69,86,54,69
656,70,57,41,57
657,83,53,96,55
658,14,25,4,9
659,54,56,73,1
660,83,75,72,24
661,63,34,74,8
662,52,10,0,19
663,41,69,61,9
664,53,29,50,14
665,39,43,43,51
666,46,97,23,10
667,32,45,40,91
668,50,11,65,95
669,21,99,92,80
670,78,21,54,76
671,80,95,54,93
672,62,26,37,33
673,99,26,46,65
674,8,64,79,9
675,70,39,86,97
676,30,44,83,46
677,71,75,32,82
678,23,48,82,13
679,42,25,87,32
680,48,23,44,88
681,88,65,8,24
682,72,66,48,22
683,0,18,83,32
684,6,99,89,59
685,78,11,47,90
686,37,29,13,60
687,98,18,70,54
688,13,3,65,31
689,86,98,67,1
690,22,98,15,3
691,35,39,72,59
692,64,93,42,52
693,54,38,16,75
694,34,26,50,19
695,29,88,55,87
696,54,19,46,96
697,29,71,66,50
698,66,41,20,98
699,46,34,56,9
700,40,2,18,90
701,58,93,77,57
702,69,91,53,5
703,0,38,15,38
704,46,74,83,49
705,60,69,20,42
706,33,9,48,43
707,22,2,4,87
708,97,61,48,75
709,21,80,34,49
710,30,64,64,27
711,6,57,18,93
712,54,20,90,56
713,64,47,30,88
714,93,80,90,64
715,30,13,89,53
716,6,52,60,94
717,2,36,77,1
718,27,88,16,10
719,84,78,97,10
720,98,0,85,41
721,1,53,27,29
722,35,98,24,60
723,88,60,54,57
724,66,78,75,36
725,86,4,50,89
726,68,7,79,65
727,74,34,13,3
728,89,62,31,66
729,77,39,95,64
730,92,64,35,0
731,46,93,25,65
732,95,66,42,16
733,80,7,88,13
734,92,44,59,96
735,20,61,96,15
736,23,4,34,24
737,59,28,47,92
738,78,99,72,79
739,1,31,56,23
740,23,59,35,44
741,51,57,44,1
742,57,96,20,51
743,29,59,70,85
744,59,26,77,27
745,29,24,64,85
746,74,99,98,37
747,5,97,82,15
748,75,80,48,81
749,67,17,39,52
750,80,11,88,87
751,57,79,19,53
752,83,17,37,75
753,20,73,83,33
754,43,15,58,72
755,50,85,82,25
756,45,54,58,18
757,13,22,75,50
758,47,75,78,78
759,68,89,5,51
760,76,47,84,51
761,24,16,3,53
762,60,77,53,76
763,40,9,90,69
764,97,4,0,37
765,93,68,44,76
766,75,58,80,20
767,58,32,69,59
768,77,15,58,68
769,87,10,25,62
770,95,78,1,32
771,35,74,39,37
772,39,92,60,19
773,69,87,70,60
774,46,16,17,40
775,28,75,28,96
776,29,70,35,52
777,23,21,38,68
778,30,97,69,11
779,54,20,55,47
780,80,13,50,99
781,71,61,73,24
782,53,26,95,30
783,32,6,33,99
784,92,25,9,44
785,42,1,6,82
786,48,44,78,79
787,39,61,85,27
788,32,58,40,0
789,14,21,24,11
790,5,7,56,54
791,90,73,38,80
792,14,29,81,72
793,26,68,23,92
794,59,7,78,92
795,16,39,67,54
796,85,33,33,1
797,95,39,6,32
798,9,33,93,31
799,61,45,85,15
800,89,42,10,59
801,42,51,22,36
802,35,89,81,21
803,61,16,49,20
804,64,54,88,7
805,63,83,8,47
806,75,2,32,9
807,27,51,72,16
808,94,10,78,53
809,37,61,47,40
810,32,16,21,39
811,54,59,33,80
812,98,29,58,62
813,80,65,22,70
814,63,22,87,87
815,31,49,62,23
816,78,0,34,17
817,29,2,98,38
818,72,20,63,73
819,33,69,53,56
820,42,24,68,63
821,39,55,91,49
822,39,92,13,88
823,58,53,5,29
824,61,23,70,48
825,56,24,18,76
826,61,73,5,74
827,97,32,4,35
828,91,98,17,4
829,10,5,74,78
830,40,16,95,68
831,15,65,40,94
832,85,41,37,72
833,44,80,40,91
834,31,89,45,79
835,67,77,20,26
836,49,69,20,43
837,83,99,63,13
838,0,69,86,46
839,20,17,61,40
840,78,58,64,18
841,12,9,36,5
842,31,37,68,74
843,76,66,65,29
844,98,4,12,42
845,61,52,76,4
846,71,45,92,42
847,91,7,20,6
848,10,35,89,12
849,43,7,24,69
850,40,34,69,90
851,81,32,91,62
852,94,45,46,87
853,11,54,68,93
854,27,64,90,43
855,38,44,80,93
856,52,1,72,47
857,41,87,99,25
858,34,3,57,61
859,78,48,74,86
860,87,8,51,32
861,97,8,36,70
862,96,56,97,8
863,74,99,11,35
864,12,11,60,34
865,94,18,18,37
866,39,68,77,26
867,63,81,26,40
868,14,69,3,58
869,93,74,0,46
870,89,8,10,87
871,99,94,77,56
872,58,34,38,29
873,53,59,91,59
874,56,30,29,29
875,8,46,80,12
876,2,75,1,29
877,28,23,63,28
878,18,24,8,37
879,55,53,35,59
880,27,64,2,30
881,91,7,1,21
882,6,51,3,62
883,2,42,99,68
884,11,89,29,95
885,58,87,17,35
886,50,49,95,82
887,29,59,28,68
888,67,3,96,19
889,90,29,65,27
890,41,65,41,36
891,73,26,79,16
892,38,83,44,51
893,61,71,0,75
894,7,67,75,87
895,1,57,1,91
896,17,88,54,87
897,43,68,95,40
898,85,67,52,23
899,67,36,60,98
900,49,1,25,37
901,95,23,10,71
902,96,18,46,93
903,84,31,50,17
904,68,35,16,82
905,36,93,57,47
906,72,46,77,59
907,40,5,31,84
908,87,76,4,0
909,29,17,31,25
910,23,79,3,67
911,68,63,34,4
912,19,45,84,80
913,72,6,76,42
914,69,13,12,81
915,50,27,61,25
916,40,82,65,46
917,60,96,95,93
918,6,28,36,41
919,28,61,93,99
920,58,61,50,52
921,52,26,99,36
922,78,69,10,94
923,42,57,48,35
924,61,80,95,57
925,7,93,20,84
926,37,63,45,79
927,17,81,55,37
928,74,23,88,66
929,93,45,7,26
930,69,20,71,63
931,22,26,5,20
932,13,34,53,86
933,64,40,6,50
934,39,93,40,86
935,67,74,79,0
936,32,99,47,17
937,40,44,53,6
938,5,19,15,60
939,88,35,43,59
940,77,89,35,42
941,8,71,99,1
942,54,63,21,78
943,63,46,85,66
944,26,87,15,87
945,12,4,88,52
946,2,64,3,87
947,96,60,6,27
948,63,0,31,94
949,15,13,29,14
950,78,48,45,89
951,58,41,3,85
952,21,8,93,8
953,10,24,65,93
954,93,40,68,24
955,21,85,72,66
956,64,36,3,83
957,77,74,28,17
958,43,77,41,93
959,40,90,3,78
960,78,70,19,22
961,45,30,46,56
962,53,55,91,18
963,20,51,67,28
964,59,48,0,4
965,3,86,17,90
966,98,41,64,52
967,86,59,41,59
968,68,40,11,57
969,58,57,34,67
970,62,99,73,2
971,94,23,61,38
972,47,25,89,7
973,19,52,36,64
974,43,92,10,15
975,12,70,0,70
976,62,91,65,75
977,62,33,86,83
978,64,75,4,57
979,89,67,94,26
980,9,90,5,26
981,26,10,17,49
982,0,46,87,32
983,88,49,27,99
984,73,73,23,89
985,68,74,47,58
986,72,59,58,43
987,14,50,63,8
988,45,72,80,54
989,86,57,91,16
990,60,55,94,15
991,42,31,26,91
992,94,50,37,25
993,91,85,41,5
994,75,27,7,67
995,80,6,53,48
996,68,16,46,57
997,11,31,88,58
998,18,30,3,38
999,24,60,25,27
1000,24,40,6,3